1 199
2 281
2 285
3 24
3 189
4 152
4 96
4 29
5 89
5 27
5 141
5 151
6 82
7 130
7 52
8 72
9 131
10 289
10 181
11 160
12 105
13 136
13 18
13 126
14 162
14 221
14 199
15 185
15 190
16 105
16 262
16 241
17 282
18 291
18 61
19 177
19 266
19 277
20 273
20 284
21 238
21 167
22 84
23 177
23 251
24 107
24 242
24 252
25 168
25 73
25 69
26 40
26 137
26 33
27 39
28 173
28 286
29 212
30 96
30 232
31 122
31 191
32 239
34 195
34 245
34 286
35 213
36 53
36 86
37 283
37 145
37 275
37 270
37 71
38 106
38 93
40 176
40 112
41 154
42 77
43 50
43 60
43 126
44 273
45 253
45 247
46 280
46 84
47 195
48 255
49 161
49 259
50 62
51 265
52 201
52 76
53 235
53 254
54 146
54 237
55 251
55 70
56 182
57 256
57 124
58 198
58 207
59 245
60 114
60 135
63 264
63 102
64 160
65 186
66 216
67 138
67 78
68 172
68 194
68 212
70 261
71 95
72 136
72 90
72 224
74 265
74 290
74 92
74 119
75 270
76 132
76 81
77 92
78 267
78 101
79 243
79 108
80 210
81 87
82 142
83 156
85 221
86 116
86 246
88 265
89 134
90 282
91 135
92 200
93 94
94 177
95 161
95 106
95 140
97 231
98 145
98 125
99 152
99 151
100 160
100 177
101 289
102 129
103 280
104 236
108 202
109 136
110 150
111 218
112 157
112 271
113 210
115 154
115 158
116 272
117 131
118 276
119 268
120 277
121 135
123 224
124 258
124 269
125 127
128 236
131 139
131 132
133 276
135 149
137 228
138 163
138 150
138 191
139 149
140 175
142 283
142 206
142 214
143 282
143 222
144 290
144 285
144 222
146 225
146 178
146 157
147 188
148 287
151 213
152 201
153 184
153 233
154 234
154 253
155 163
156 232
157 288
157 227
157 262
158 226
158 162
159 187
159 286
159 231
162 171
163 204
163 215
163 243
164 228
164 221
165 236
166 233
166 203
166 188
168 211
169 220
170 203
170 278
171 189
173 276
174 192
174 225
174 257
175 223
179 240
179 217
179 209
180 191
181 250
181 182
183 244
183 246
185 248
186 220
186 231
189 205
190 255
190 260
193 221
194 289
196 245
196 229
197 229
200 216
200 270
203 205
206 264
206 238
207 285
208 289
210 213
211 231
215 239
217 249
217 251
218 249
219 223
224 245
225 282
228 280
230 257
236 251
248 258
248 286
251 263
251 272
254 287
255 279
273 281
274 291
