1 -121.45702689802665 35.892107499804005
2 -121.00150166821724 35.93161530756386
3 -120.86450141344666 35.48684137067482
4 -120.80400869252406 35.00208845727077
5 -120.58491216359035 35.40959862834827
6 -120.41300665111928 36.31631925112911
7 -120.41254170529045 36.26951863503456
8 -120.30678496323038 35.76208047106341
9 -120.23017124693942 33.985094746377946
10 -120.20218331166592 36.087241313622584
11 -120.08271583576044 35.068976610984706
12 -120.05098167557192 35.036642705492966
13 -120.0470910569532 35.05768283403453
14 -120.04596012327845 34.217615285560875
15 -119.95886668427282 34.01541736674547
16 -119.95383533623777 35.984754553137364
17 -119.94670751645278 34.323554553521035
18 -119.93277727679704 34.44903246950401
19 -119.92877460573182 34.08550174108758
20 -119.88535907675261 34.95002645928169
21 -119.88323030527589 34.401520712915186
22 -119.86320003388843 35.31061085426198
23 -119.85308133812458 34.36496431398015
24 -119.8344553967839 35.6764361815086
25 -119.8313514588804 35.07310522789642
26 -119.82936834552648 34.33896486289819
27 -119.82416019864463 34.0345798104258
28 -119.82034615300088 34.296184337854804
29 -119.79257839506076 34.28099769483469
30 -119.78592766788522 34.41135393647001
31 -119.77527027803774 34.263742349949815
32 -119.77500994799065 34.39449008975757
33 -119.77466815141136 34.46401019712609
34 -119.75425894062755 34.289521589311164
35 -119.73914076438804 34.25946226577836
36 -119.7220295948816 33.98722866653828
37 -119.71167687169238 34.31161912081928
38 -119.69519608124892 34.43096515276414
39 -119.67775346450671 34.2488701262134
40 -119.66109027348934 35.05132935988702
41 -119.66045040135866 34.26167910633984
42 -119.65963559055012 34.783504087438956
43 -119.65642035724436 34.2565377496525
44 -119.65565962324072 34.38200683487626
45 -119.64374790211413 34.37720070576619
46 -119.63874102696288 34.02986694698644
47 -119.63011988496108 34.287347032478685
48 -119.62890345877283 34.261350563598455
49 -119.60171496706704 34.3444189544729
50 -119.60060188351295 34.31194701930881
51 -119.60022958131147 34.08473650660494
52 -119.58536909759577 34.029933146396324
53 -119.57886971026508 34.261179104391864
54 -119.57204678275434 34.3124174002595
55 -119.56215548541562 34.40070708878002
56 -119.56173551581998 33.841307029207954
57 -119.558285446595 34.75080611560631
58 -119.53418532561739 34.16546905824782
59 -119.52389928096422 34.440627291113486
60 -119.51784096507087 34.38099594998189
61 -119.47478956203483 33.9858451943793
62 -119.44462014900311 34.14708228613826
63 -119.38974677096424 34.37725957235308
64 -119.38031742894158 34.03269675868669
65 -119.35480072981845 34.225556856697104
66 -119.35462276736074 34.37095352931128
67 -119.3470060733659 34.39032847013821
68 -119.34670238306836 34.67492274137926
69 -119.34335839337592 34.37574314582065
70 -119.33171219939624 34.63552864333642
71 -119.32503945278194 34.336445168761884
72 -119.31105345944425 34.370281050688185
73 -119.28960484961446 34.89454206593557
74 -119.28451501105215 34.20815594338771
75 -119.22962533034209 34.24741370634166
76 -119.21026993550478 34.86385970289231
77 -119.1917714214572 34.24877288194364
78 -119.1857149222636 34.261224489782755
79 -119.18360835024737 33.99346160225122
80 -119.16899338031332 34.41283340662435
81 -119.16374391129098 34.53322888770396
82 -119.16187329331079 34.46804620501207
83 -119.14702492184088 34.41672848915041
84 -119.14156085798614 34.44949244197016
85 -119.11749461357964 34.45073906472072
86 -119.11358534527577 34.26940577262918
87 -119.1115999582829 33.97429596895296
88 -119.08065202669142 33.977807975812034
89 -119.04845048509682 34.98975127710877
90 -119.04632174299842 33.9346240946703
91 -119.0422791235204 33.94084090502539
92 -119.02384427219017 34.813439437424556
93 -119.009716467023 33.652262662467706
94 -119.00130911667294 33.91541371039129
95 -118.99218491337655 33.969164433149686
96 -118.98931795626845 33.941663320786574
97 -118.9600616466678 34.35566784436779
98 -118.95742459643834 34.34305732364011
99 -118.94774975338214 34.535644683204666
100 -118.94050034010198 33.92931354927432
101 -118.9325019298674 34.273221242967864
102 -118.92823199059826 34.25381201165852
103 -118.9240455752833 33.95103312745781
104 -118.92049752402416 33.86568035003061
105 -118.91214331886201 34.45668772229457
106 -118.91049812104198 33.84409467383496
107 -118.90861758246054 34.09613568555616
108 -118.90507562759333 34.413240577565
109 -118.88199892336176 33.93797239782756
110 -118.86907617677622 34.420443804068704
111 -118.86066081679647 33.848468732388675
112 -118.85730574456609 34.42403604315739
113 -118.8475313102329 34.00219840077277
114 -118.84248414166889 33.91442587486739
115 -118.84128744293375 34.07492247210891
116 -118.83979380897178 34.419560206652086
117 -118.8371922807895 33.968438674065226
118 -118.8358157582492 33.8675980068297
119 -118.82556931478594 33.92232473446388
120 -118.81760419644847 33.83001185117372
121 -118.81749100802615 33.934626992061354
122 -118.81369890264956 33.89719230712256
123 -118.81042990218332 34.3850195573013
124 -118.80818689244703 33.28755086837995
125 -118.79678536656722 34.03647735146884
126 -118.78656171832469 33.832553274710044
127 -118.78064797860823 35.12172536921394
128 -118.77809793908021 33.914439243274295
129 -118.77768277168903 34.0359074741808
130 -118.77480260015672 34.4373803483607
131 -118.76637401236175 34.38418485784196
132 -118.75589984804624 35.1435086582372
133 -118.74184535918111 33.84999346412193
134 -118.73729220782144 34.36705178304697
135 -118.73362141342635 34.42108014161413
136 -118.7316941904628 34.42597666008913
137 -118.73070157188818 34.432390563942974
138 -118.72447876948362 33.835182398725884
139 -118.72383191237112 33.897914896356625
140 -118.71968673123995 34.47433769405088
141 -118.71029533462497 33.8771642592453
142 -118.70942118111063 34.42139156743888
143 -118.69266611856422 34.43359263011645
144 -118.67938582001642 34.42205801782934
145 -118.66907691219667 34.05260698255096
146 -118.66749114004509 34.53284694886761
147 -118.66331681377481 33.81593082076193
148 -118.65952702990259 34.43037022732888
149 -118.6564014772901 34.30343610602024
150 -118.6536203382415 34.050859101315304
151 -118.6408002302496 34.3554146396582
152 -118.63742268995804 34.33500634411168
153 -118.6293481626761 34.235674551969595
154 -118.62790238345502 34.06890876709654
155 -118.60611544001033 35.248766241947905
156 -118.60445975632105 34.43310488205164
157 -118.59776911855867 34.336668770044206
158 -118.59618055328501 34.41685817308875
159 -118.5930008277455 34.377669791880564
160 -118.59242894924228 34.220856934535554
161 -118.59133378677481 34.30775932021819
162 -118.59123315964126 34.253921750790276
163 -118.58844153108748 34.27326445546909
164 -118.58355388173538 35.283980858399346
165 -118.57682816714085 34.38382399592829
166 -118.56647827231114 34.30292854118291
167 -118.56490562400509 34.125930593869015
168 -118.5618421336381 34.124436588819535
169 -118.56016489703153 34.21175814485186
170 -118.5575757850121 34.32237107868935
171 -118.55227861357831 34.19879616581769
172 -118.54778867406384 34.320761577585785
173 -118.54697078840216 34.29846935066461
174 -118.54289075309218 34.07616040878893
175 -118.54065470937206 34.02505708824363
176 -118.53578965401819 34.035181953496824
177 -118.53450208795822 34.21233446533656
178 -118.53315306896161 34.06798588188362
179 -118.52890936148331 33.660887067088915
180 -118.52890660009943 34.42960947901771
181 -118.52796791784763 34.31137529159074
182 -118.52365522580676 34.33755055125548
183 -118.52040237489848 34.12450588085254
184 -118.51776207490634 34.269642582494306
185 -118.51557569019465 34.30814319286606
186 -118.50334381868265 34.04112908372935
187 -118.50245271835159 34.0641267023997
188 -118.50108154363879 34.25305720362369
189 -118.49654058199224 34.09576153114417
190 -118.49591144759864 34.044881054215814
191 -118.4929382511628 34.293176985980594
192 -118.48483443447414 34.34584129757861
193 -118.48261275705553 34.339287659656364
194 -118.48151091511728 34.311452425044806
195 -118.47674995280157 34.24789709166774
196 -118.47664602312808 34.299993421197385
197 -118.47218012979047 34.284762263902756
198 -118.47035966013797 34.128091303625766
199 -118.46608410592049 34.26009083546104
200 -118.46570341080198 34.29664404534606
201 -118.46535401434268 34.3404107563826
202 -118.46345052686726 34.00201231647161
203 -118.46070779209667 34.324732808375046
204 -118.46013299857101 34.0907889772283
205 -118.45627239495164 34.053053975407046
206 -118.45563581897429 34.04809710126182
207 -118.45271142154876 34.057496908493086
208 -118.4481424800248 34.33015964027987
209 -118.44770403849043 34.23421197843432
210 -118.44757462674511 34.06361311842628
211 -118.44516164089247 35.476865394813665
212 -118.44461336306445 34.25435803925928
213 -118.42497825764745 34.333659764357975
214 -118.42297147480545 34.08067402772174
215 -118.4222311370034 34.0436274516906
216 -118.42170341489387 34.102061382037995
217 -118.4207414907086 34.26626100425579
218 -118.42057169079396 34.269888112409035
219 -118.41347236495035 34.066742596053345
220 -118.40882324235314 34.32416849735983
221 -118.40858217816837 34.30870364460063
222 -118.40244251038241 34.3339560657257
223 -118.40084015352505 34.07841234220739
224 -118.40053841860647 34.28196358042141
225 -118.39422163568663 34.10693504845505
226 -118.3938387698408 34.073766507469664
227 -118.38991785658581 34.1203350125008
228 -118.38764698453664 34.137314541911955
229 -118.38515901400908 34.10551806187103
230 -118.3765811760544 34.0837276647109
231 -118.37225975656833 34.39926829934007
232 -118.36031606308663 33.98878969376827
233 -118.36027205804514 34.12342654544122
234 -118.35356662283453 33.77261648511681
235 -118.34881976850825 34.07429603419324
236 -118.34615950780855 34.115402692889944
237 -118.3303325345052 34.04390793070009
238 -118.32728152170331 34.03329040400383
239 -118.3267917624699 34.056395823489815
240 -118.3191312245513 34.08473675365111
241 -118.3155408908521 34.18049333425988
242 -118.29809434840237 34.389024339870055
243 -118.29518259623727 34.11699705899025
244 -118.28765277063232 34.61801736935983
245 -118.28479669649808 34.10947679861306
246 -118.27402871188535 34.115405706885
247 -118.27155639869471 34.08084651990523
248 -118.27036267762035 34.184856249554954
249 -118.2537790569206 34.379442928228556
250 -118.25126463748873 34.13149827038651
251 -118.25117963485614 33.987526722811765
252 -118.23845280256457 34.0930887873377
253 -118.23793010066693 34.128666461983784
254 -118.22736581258805 33.993619573938375
255 -118.21642323553377 32.73069070240175
256 -118.19918979590773 34.09445685307491
257 -118.19801092248207 36.93831227532776
258 -118.19201215947919 34.1044693947632
259 -118.19003369024439 34.12621362405756
260 -118.1655603742955 34.12337314765911
261 -118.15414987513478 33.989656748443664
262 -118.14326092279967 33.581472448077214
263 -118.13829466480496 33.909029556626145
264 -118.13548138161983 34.11677399523706
265 -118.13517346511989 36.544203582574205
266 -118.13474613862347 34.11553175044026
267 -118.12989846791298 33.946006568620575
268 -118.12946176798242 33.079146988571765
269 -118.12878519030964 34.11958181821308
270 -118.12768384012385 33.9206845637134
271 -118.12652919525915 33.93060660622822
272 -118.12474194351921 33.95327318095371
273 -118.11466689684748 33.94883298777265
274 -118.11403377975677 34.06975458589417
275 -118.11287840380388 33.91762214934023
276 -118.10909500427815 34.05878322342451
277 -118.10703640558377 35.673835819044804
278 -118.1017774505726 33.9411073391075
279 -118.10088975564031 33.92604512041984
280 -118.10034486965657 34.06545437487498
281 -118.09745102364796 33.96299360521642
282 -118.09633038806471 33.93513602419919
283 -118.09614005423249 33.751821956285994
284 -118.09555809645073 33.971677351362324
285 -118.09540283770754 34.060863034057114
286 -118.08928929267543 34.12873596854488
287 -118.08770819655192 33.91706693317698
288 -118.08320471307037 33.94311648224679
289 -118.08164787707913 33.96005816649794
290 -118.07814114096102 33.954303479610864
291 -118.07657117824532 33.93586955515622
292 -118.07020497917073 33.93252501819058
293 -118.07006556891012 33.919214637922046
294 -118.06917559022001 33.948113721405
295 -118.06842806793912 33.96541347616984
296 -118.06307568853012 33.948996272345894
297 -118.06199083743269 33.927698994025974
298 -118.05803096521925 33.09692049125656
299 -118.05558248411457 33.931420204401064
300 -118.05335929808625 33.96395609953053
301 -118.0485675629968 33.94828649080763
302 -118.04826437818642 33.996728247590895
303 -118.04779394469358 34.170031602034484
304 -118.04494902201571 34.065405814844674
305 -118.04460259947244 33.927658351207796
306 -118.04372511451263 33.95936651451036
307 -118.04226694626571 33.423673772175725
308 -118.04076310415037 33.90383629680518
309 -118.0405296101823 34.00940645392704
310 -118.0384479158412 33.939583555253336
311 -118.03660453484741 34.03268502555405
312 -118.0359527231792 33.076152660350694
313 -118.03544059910614 34.005494742318945
314 -118.02437331901986 33.9365855059683
315 -118.02406759253104 33.94928640659641
316 -118.0236661690512 33.69111482474814
317 -118.02355180898694 34.160830012647445
318 -118.02337595602457 33.69095037608053
319 -118.0118980400964 33.05514422409297
320 -118.00576902372877 34.005524513647806
321 -118.00532422488435 34.05011168434317
322 -118.0017438332544 34.01972565151912
323 -117.99402322411743 34.025533175360195
324 -117.99194906933877 35.3013777076413
325 -117.99172812490364 33.72927804929065
326 -117.98993172036583 34.04228220404814
327 -117.98836501510925 33.94176802372481
328 -117.9757678026071 34.00976146232655
329 -117.97312937690886 34.046420631924555
330 -117.97237714857427 33.98474340086563
331 -117.97099142154786 34.02021583005526
332 -117.95164991323374 36.924719604836504
333 -117.94711971096675 36.42448710223914
334 -117.94679577209341 33.96809590097591
335 -117.94186407548108 34.09395330176868
336 -117.94003741688121 33.09439355690728
337 -117.93885477861255 33.9628266461354
338 -117.93771790041 33.888709528090644
339 -117.93340273854699 33.985712653944354
340 -117.92861265772848 34.31280996750361
341 -117.92610021240164 33.90793547999125
342 -117.9170397942796 34.05245697652328
343 -117.91332531534371 36.10738736589735
344 -117.91143473958472 33.945098854287735
345 -117.90675223154764 34.111893961279506
346 -117.90450038001497 34.02275209758558
347 -117.90439440888416 34.150871555476016
348 -117.89709705790655 34.042579867974425
349 -117.88991409597017 33.93412704243099
350 -117.88540777602769 33.255430119689706
351 -117.87608761447339 32.88728576261734
352 -117.8670769261941 34.057044851343456
353 -117.86688424910254 32.92783330031065
354 -117.85593490629257 32.88279335128229
355 -117.85371419388704 34.32334501419872
356 -117.85004868880381 34.080093863606926
357 -117.84198762121314 33.86685351171249
358 -117.8356516545823 32.940593369640375
359 -117.83181064997422 33.19165938817641
360 -117.81281327126366 33.92564125154126
361 -117.80906801406147 34.13099244439608
362 -117.80898497888545 33.86828312613992
363 -117.79394022530299 33.96198443433636
364 -117.7920383872882 32.840412086279144
365 -117.78891847889925 34.116819941613045
366 -117.78135215396638 33.888515265225124
367 -117.77871983107927 33.94394460055878
368 -117.77093222725735 33.90349386663839
369 -117.76901336421248 32.25796805541747
370 -117.76152983544789 33.908007751080234
371 -117.75036763701104 32.713473091211036
372 -117.7488390645998 34.102162911199144
373 -117.74742403626931 33.33344285073553
374 -117.74713206509497 33.918332516000845
375 -117.74319001626426 34.13963392018563
376 -117.7428100687473 33.93917000230061
377 -117.74273896753681 34.12216741992057
378 -117.74163983033145 34.103897604475314
379 -117.73947553260314 34.11607242039562
380 -117.73826667801445 32.71646764761126
381 -117.73696002009065 33.928301193065096
382 -117.73208522754048 33.375742562369595
383 -117.72009757311487 33.93267146547829
384 -117.71233295175384 33.88611519683327
385 -117.70733818739481 33.43208836840278
386 -117.7010759977748 32.861030077946104
387 -117.69065879726278 35.65754111841012
388 -117.6860099409469 33.87844951684551
389 -117.6844528990848 33.8822146364895
390 -117.68060703136904 34.282752732942264
391 -117.68013096331988 32.80675127501981
392 -117.67947004217295 32.75353716963301
393 -117.67851161153916 32.569913260249656
394 -117.67776517230584 34.12324668180377
395 -117.67501119000774 34.190478335996325
396 -117.67246665345688 33.309846719297276
397 -117.66765017974244 33.10145409169779
398 -117.66577585712207 32.727089579427115
399 -117.6599175516265 32.587400279012904
400 -117.65597014923084 32.66283611996223
401 -117.63897933930997 33.112473802661114
402 -117.63662763014486 32.69669190238437
403 -117.63518353956306 32.62150083370428
404 -117.63518115848066 33.219553836229856
405 -117.63268581609117 33.12675792069308
406 -117.6242306192476 33.84161893772176
407 -117.61575347036036 33.838482293855904
408 -117.61443059015345 32.51825427768652
409 -117.61373473288307 33.22696777673126
410 -117.6111620737305 33.83703951508922
411 -117.60267996951966 33.34908993840327
412 -117.59243716457625 33.05302520036926
413 -117.59005333391099 33.83061691996985
414 -117.58914889408723 33.99131061597215
415 -117.58785312578101 33.99024355147728
416 -117.58756014742633 33.99000143758642
417 -117.57260070521072 32.950681399876494
418 -117.57193051155262 32.98842630799
419 -117.55786445122096 32.928025261130976
420 -117.55267766450234 33.11639533722243
421 -117.55039285456249 33.192996484035056
422 -117.540757713501 32.81373629374056
423 -117.5407465689383 33.069338871639594
424 -117.53179151649266 34.036653462656695
425 -117.52933820573496 32.96088502290804
426 -117.52396340410834 32.079040815346474
427 -117.52283090353707 33.01752519852999
428 -117.5103327228364 33.18020059251885
429 -117.51020852325603 32.836926096036834
430 -117.50881555360446 34.296970164966375
431 -117.49825202664937 33.088481296009725
432 -117.4879428880143 32.7307719990176
433 -117.48653213414157 33.22173031189234
434 -117.48483954656646 34.07901128482157
435 -117.48297905654644 33.00651840063111
436 -117.47222161638295 32.68268736516716
437 -117.47159988103684 35.24449919145008
438 -117.46924340363087 33.04431254365767
439 -117.46221016148084 34.276267679093394
440 -117.45989844637596 33.02589143062163
441 -117.45720774008095 32.829548977251015
442 -117.45000945456559 32.786365332700434
443 -117.44879962395366 32.72667840512762
444 -117.44814996362021 32.93540372675823
445 -117.4455558195318 32.87263806587368
446 -117.44028429727398 33.003970137473374
447 -117.44001268869914 32.78987387961184
448 -117.43545165688737 32.949313334949515
449 -117.43465652120884 32.973193647701656
450 -117.42841780581907 32.65207384487867
451 -117.4268291676616 34.160468827173
452 -117.42566285545547 34.15950786045467
453 -117.42535124709552 32.935104543816685
454 -117.42462082697861 34.15865016931936
455 -117.42338818869611 34.15763529679174
456 -117.42312287816308 32.60254794691889
457 -117.42222591821628 33.044859399080764
458 -117.42086374667736 34.15555160344773
459 -117.41973230308672 34.15462202550585
460 -117.4196744055033 32.43839979171282
461 -117.41961689374595 34.154523212607344
462 -117.41539252113373 34.15103826081702
463 -117.41228379756261 34.14847836258803
464 -117.40783311938218 32.620911402746266
465 -117.40584830340099 36.24844586419753
466 -117.40108067850686 33.01296946139284
467 -117.38775304303509 32.887083387910174
468 -117.38668737906357 36.17229887303701
469 -117.38152229445234 32.63062864605072
470 -117.36669600350618 34.16932132493918
471 -117.36429134237572 32.63952953063691
472 -117.34324530569833 34.81090574152476
473 -117.33698320072617 34.20691137144694
474 -117.32096046864474 32.59497502862944
475 -117.320868591141 32.569183636448415
476 -117.28414958470495 33.625424401364036
477 -117.26434224210891 36.26958298876189
478 -117.26360594935342 35.73477879410665
479 -117.25773996378093 34.27446932695608
480 -117.25658906815 33.586095491619425
481 -117.23570634162162 34.01695991446677
482 -117.22238805263909 34.008461633783945
483 -117.20313366635924 34.14622478352885
484 -117.18635384131814 32.09771532554476
485 -117.1694197464519 34.22435248330694
486 -117.14211277175133 34.12627494765478
487 -117.13885013708173 35.5851189436134
488 -117.13244997565862 32.70742108050946
489 -117.12799979508793 35.10760037831909
490 -117.12569995204778 34.88430010089562
491 -117.1126311668185 35.747214254354105
492 -117.11118887633774 33.451725831222966
493 -117.10001953690141 34.097902055984854
494 -117.09700660900235 34.0219366949948
495 -117.0940626938848 34.11093473880903
496 -117.09249138823155 34.0141521373279
497 -117.0838555859459 31.98251389078654
498 -117.08039262024083 33.430561632407255
499 -117.06570427458907 34.101880047181105
500 -117.06149664216463 34.04914322787176
501 -117.05375720485226 33.99846828079725
502 -117.04692331054545 33.9997788586887
503 -117.04636414824809 33.40471405125865
504 -117.03970705343859 34.07932103812477
505 -117.01909899592779 34.001964457384716
506 -117.0095572550171 33.39258584046272
507 -117.00858116181902 33.392874554343685
508 -116.99887740312329 34.012734824911696
509 -116.99523022064204 33.38746270933576
510 -116.98113100461032 34.04833642283105
511 -116.96933578765905 34.00074903847127
512 -116.96773642724028 34.03151297478345
513 -116.96639951476129 36.61092900629787
514 -116.95948290632778 34.05769302196471
515 -116.94438522908257 33.97331290318816
516 -116.93037692598497 33.957224486617896
517 -116.92635793888822 36.579959345454526
518 -116.92626346565146 34.02545678659908
519 -116.9256809451847 34.00562782188893
520 -116.92470010987881 35.45489924535099
521 -116.92394667374572 34.0495589819044
522 -116.90392429346568 33.96232058887022
523 -116.89895246260375 34.001559160835235
524 -116.89649929763074 34.04936757379952
525 -116.8925041733267 36.45974291430295
526 -116.89076896749845 34.077204520413254
527 -116.89057584951671 36.09275972866131
528 -116.89020709755424 34.060383447930626
529 -116.88822540134319 36.02555622915998
530 -116.87668914204117 33.95969877712757
531 -116.87489997284094 35.606600697653285
532 -116.87405876629659 34.01313483633546
533 -116.86280521819957 34.022259192713655
534 -116.85449609396183 33.97119208896121
535 -116.85009448150936 34.016093300881046
536 -116.84776651344242 34.030561643617595
537 -116.83545094580796 33.69413674595904
538 -116.82418447157295 34.24867624146641
539 -116.81529671973841 33.92816282641907
540 -116.81359993228672 35.126199879135754
541 -116.8127655739566 34.013110915459706
542 -116.8114116681027 34.00353501818408
543 -116.80708406959253 34.035613874330664
544 -116.80525799991509 34.11363480856327
545 -116.79504808699303 34.01969369383335
546 -116.78728350686941 35.86177492409853
547 -116.78464086097826 33.94448297035529
548 -116.77129745415705 36.228920947667376
549 -116.76443366952621 33.96463999736561
550 -116.75677302525055 33.262768985272196
551 -116.75199749493517 34.111527577938965
552 -116.75155145632574 33.945133158744355
553 -116.74849371017245 33.96043256431146
554 -116.74363213101888 36.03135253133883
555 -116.73620245160083 34.03335372186356
556 -116.73390033835501 34.70120081759515
557 -116.72160542071157 34.02489770027203
558 -116.71560497817147 35.75957422111038
559 -116.71414516792458 34.058016676965714
560 -116.7058207544158 33.96160967537512
561 -116.7010756182655 34.03514931089938
562 -116.69808110252995 33.94787723730481
563 -116.69578479869915 34.28538364341156
564 -116.69095458467457 33.98128916062047
565 -116.68090532196337 33.93311004273511
566 -116.67099587445031 34.635861904318325
567 -116.6624598749854 35.7879784487829
568 -116.65216969427091 34.315484660351075
569 -116.64075076267974 34.01695420698416
570 -116.63769996572857 35.228099132258
571 -116.63479713222503 33.954366431342315
572 -116.6338633041774 33.1385561092112
573 -116.63075709608549 34.030367541182855
574 -116.62775299051725 33.99319080351545
575 -116.62459886123094 33.99533678833857
576 -116.61220953827731 33.20465463766205
577 -116.6088940508 33.952167348341774
578 -116.59320761745836 34.03544402054167
579 -116.59235977948931 33.99851713822488
580 -116.59179073801367 34.58043568208892
581 -116.5870992618826 34.01923445907288
582 -116.58120771439208 33.92932088128081
583 -116.57643888702549 35.148944622349
584 -116.57140016460056 35.313699164614725
585 -116.56373521984726 33.99398607152803
586 -116.55913852950485 33.97794725081056
587 -116.55696957231748 33.967603549214104
588 -116.54549972914006 34.98280023049879
589 -116.536012780854 34.51520571076567
590 -116.53250159745292 33.902881706843026
591 -116.51907579646996 33.8910509280829
592 -116.51547510440616 33.03745720676521
593 -116.51239986982756 34.095297567370835
594 -116.50969995286033 35.489998980520106
595 -116.5089003077332 34.37900085529654
596 -116.49680686334783 34.52248607101796
597 -116.49523187126006 33.92054750069071
598 -116.48664066419163 33.93524026088146
599 -116.47981258019824 33.91465695505407
600 -116.4585997260051 35.227500448761674
601 -116.45803825445341 33.87270051117884
602 -116.44131534598623 33.877365422161134
603 -116.43636574934345 35.4249872965183
604 -116.43532056641656 33.894163384557295
605 -116.43322358046059 33.86977488840626
606 -116.43296580377563 34.89758144746669
607 -116.43281450560944 33.886260093030586
608 -116.43251446273165 33.85847956884474
609 -116.42653007993238 35.61311615243743
610 -116.42337001063771 33.87018464660355
611 -116.4204627221455 34.00268865733674
612 -116.41083677257903 33.88145346028423
613 -116.40367026591174 34.0657996457728
614 -116.37020771985145 32.95095642639648
615 -116.36608953144966 34.074220060396634
616 -116.36170911660366 32.94603320258915
617 -116.35786528234583 34.00295501743296
618 -116.30110008108213 33.93410137442038
619 -116.29200647143239 32.951394658293935
620 -116.26700024872359 34.23420140220246
621 -116.26449988711632 34.36280099925108
622 -116.26071571261528 34.525350149045515
623 -116.25156578701497 35.12937050313136
624 -116.24015375942757 33.233895773654126
625 -116.21749975984139 34.82550014124678
626 -116.2105940592491 33.31884157283066
627 -116.15833286589428 32.85136373002335
628 -116.15406931755244 34.354534767305786
629 -116.09106619821117 32.83365061834008
630 -116.0015250777608 33.086939646186586
631 -115.97806928946758 33.01739483296387
632 -115.8466716074877 33.00178170405751
633 -115.84574505006258 33.20020793541564
634 -115.83840690715898 32.65224686492364
635 -115.80510241165508 32.92980875103878
636 -115.75128454664973 33.38369691963291
637 -115.74286200446434 32.141454656741004
638 -115.74174769710488 32.587627233769524
639 -115.66540081886147 32.904393131097436
640 -115.56391225946233 33.93155586427028
641 -115.50654898977325 32.56809384105021
642 -115.50052654475414 32.827165513151826
643 -115.49879212992067 32.83128472477345
644 -115.49867876802425 32.83155395325272
645 -115.4958710765998 32.36238018767731
646 -115.44855417732893 32.52681061466418
647 -115.38564422451495 32.699963746712974
648 -115.2873167116346 32.40692036515406
