1 2
1 21
2 3
2 22
3 4
3 23
4 24
4 5
5 25
5 6
6 26
6 7
7 8
7 27
8 9
8 28
9 10
9 29
10 11
10 30
11 12
11 31
12 32
12 13
13 33
13 14
14 34
14 15
15 16
15 35
16 17
16 36
17 18
17 37
18 19
18 38
19 20
19 39
20 40
21 41
21 22
22 42
22 23
23 24
23 43
24 44
24 25
25 26
25 45
26 27
26 46
27 47
27 28
28 48
28 29
29 49
29 30
30 50
30 31
31 32
31 51
32 52
32 33
33 34
33 53
34 35
34 54
35 55
35 36
36 56
36 37
37 57
37 38
38 58
38 39
39 40
39 59
40 60
41 42
41 61
42 43
42 62
43 44
43 63
44 64
44 45
45 65
45 46
46 66
46 47
47 48
47 67
48 49
48 68
49 50
49 69
50 51
50 70
51 71
51 52
52 72
52 53
53 73
53 54
54 74
54 55
55 56
55 75
56 76
56 57
57 58
57 77
58 59
58 78
59 79
59 60
60 80
61 81
61 62
62 82
62 63
63 64
63 83
64 84
64 65
65 66
65 85
66 67
66 86
67 87
67 68
68 88
68 69
69 89
69 70
70 90
70 71
71 72
71 91
72 92
72 73
73 74
73 93
74 75
74 94
75 76
75 95
76 96
76 77
77 78
77 97
78 98
78 79
79 80
79 99
80 100
81 82
81 101
82 83
82 102
83 103
83 84
84 104
84 85
85 86
85 105
86 106
86 87
87 88
87 107
88 108
88 89
89 90
89 109
90 91
90 110
91 92
91 111
92 112
92 93
93 113
93 94
94 114
94 95
95 96
95 115
96 116
96 97
97 98
97 117
98 99
98 118
99 100
99 119
100 120
101 121
101 102
102 122
102 103
103 104
103 123
104 105
104 124
105 106
105 125
106 107
106 126
107 127
107 108
108 128
108 109
109 129
109 110
110 130
110 111
111 112
111 131
112 132
112 113
113 114
113 133
114 115
114 134
115 116
115 135
116 136
116 117
117 137
117 118
118 138
118 119
119 120
119 139
120 140
121 122
121 141
122 123
122 142
123 143
123 124
124 144
124 125
125 145
125 126
126 146
126 127
127 128
127 147
128 129
128 148
129 130
129 149
130 131
130 150
131 151
131 132
132 152
132 133
133 153
133 134
134 154
134 135
135 136
135 155
136 137
136 156
137 138
137 157
138 139
138 158
139 159
139 140
140 160
141 161
141 142
142 162
142 143
143 144
143 163
144 145
144 164
145 146
145 165
146 147
146 166
147 148
147 167
148 168
148 149
149 169
149 150
150 170
150 151
151 152
151 171
152 153
152 172
153 154
153 173
154 155
154 174
155 175
155 156
156 176
156 157
157 177
157 158
158 178
158 159
159 160
159 179
160 180
161 162
161 181
162 163
162 182
163 164
163 183
164 184
164 165
165 166
165 185
166 186
166 167
167 168
167 187
168 169
168 188
169 170
169 189
170 171
170 190
171 172
171 191
172 192
172 173
173 174
173 193
174 194
174 175
175 176
175 195
176 196
176 177
177 178
177 197
178 179
178 198
179 180
179 199
180 200
181 201
181 182
182 202
182 183
183 184
183 203
184 204
184 185
185 186
185 205
186 187
186 206
187 207
187 188
188 208
188 189
189 209
189 190
190 210
190 191
191 192
191 211
192 212
192 193
193 194
193 213
194 195
194 214
195 196
195 215
196 216
196 197
197 217
197 198
198 218
198 199
199 200
199 219
200 220
201 202
201 221
202 203
202 222
203 223
203 204
204 224
204 205
205 225
205 206
206 226
206 207
207 208
207 227
208 209
208 228
209 210
209 229
210 211
210 230
211 212
211 231
212 232
212 213
213 233
213 214
214 234
214 215
215 216
215 235
216 217
216 236
217 218
217 237
218 219
218 238
219 239
219 220
220 240
221 241
221 222
222 242
222 223
223 224
223 243
224 225
224 244
225 226
225 245
226 227
226 246
227 247
227 228
228 248
228 229
229 249
229 230
230 250
230 231
231 232
231 251
232 233
232 252
233 234
233 253
234 235
234 254
235 255
235 236
236 256
236 237
237 257
237 238
238 258
238 239
239 240
239 259
240 260
241 242
241 261
242 243
242 262
243 244
243 263
244 264
244 245
245 246
245 265
246 266
246 247
247 248
247 267
248 249
248 268
249 250
249 269
250 251
250 270
251 271
251 252
252 272
252 253
253 254
253 273
254 274
254 255
255 256
255 275
256 257
256 276
257 258
257 277
258 259
258 278
259 260
259 279
260 280
261 281
261 262
262 282
262 263
263 264
263 283
264 265
264 284
265 266
265 285
266 267
266 286
267 287
267 268
268 288
268 269
269 289
269 270
270 290
270 271
271 272
271 291
272 273
272 292
273 274
273 293
274 275
274 294
275 276
275 295
276 296
276 277
277 297
277 278
278 298
278 279
279 280
279 299
280 300
281 282
281 301
282 283
282 302
283 303
283 284
284 304
284 285
285 305
285 286
286 306
286 287
287 288
287 307
288 289
288 308
289 290
289 309
290 291
290 310
291 292
291 311
292 312
292 293
293 313
293 294
294 314
294 295
295 296
295 315
296 297
296 316
297 298
297 317
298 299
298 318
299 319
299 300
300 320
301 321
301 302
302 322
302 303
303 304
303 323
304 305
304 324
305 306
305 325
306 307
306 326
307 308
307 327
308 328
308 309
309 310
309 329
310 330
310 311
311 312
311 331
312 332
312 313
313 314
313 333
314 315
314 334
315 335
315 316
316 336
316 317
317 337
317 318
318 319
318 338
319 320
319 339
320 340
321 322
321 341
322 323
322 342
323 324
323 343
324 344
324 325
325 326
325 345
326 346
326 327
327 328
327 347
328 348
328 329
329 330
329 349
330 331
330 350
331 351
331 332
332 352
332 333
333 353
333 334
334 354
334 335
335 336
335 355
336 337
336 356
337 338
337 357
338 339
338 358
339 340
339 359
340 360
341 342
341 361
342 362
342 343
343 344
343 363
344 364
344 345
345 346
345 365
346 347
346 366
347 367
347 348
348 368
348 349
349 369
349 350
350 370
350 351
351 352
351 371
352 372
352 353
353 354
353 373
354 355
354 374
355 375
355 356
356 376
356 357
357 377
357 358
358 378
358 359
359 360
359 379
360 380
361 362
361 381
362 363
362 382
363 383
363 364
364 384
364 365
365 385
365 366
366 386
366 367
367 368
367 387
368 369
368 388
369 370
369 389
370 371
370 390
371 391
371 372
372 392
372 373
373 393
373 374
374 394
374 375
375 376
375 395
376 377
376 396
377 378
377 397
378 379
378 398
379 380
379 399
380 400
381 382
382 383
383 384
384 385
385 386
386 387
387 388
388 389
389 390
390 391
391 392
392 393
393 394
394 395
395 396
396 397
397 398
398 399
399 400
