1 648
1 1161
1 1277
2 754
2 653
3 973
4 249
5 120
5 113
5 831
6 487
7 53
8 918
9 1337
9 1473
10 1080
11 881
11 1500
12 984
12 652
12 1022
13 241
13 723
14 1498
14 1243
14 1332
14 757
14 494
15 882
15 1595
15 1463
16 418
17 772
17 1383
17 1336
17 628
17 310
17 472
17 506
17 753
18 32
18 745
18 54
19 1449
19 221
19 1270
20 97
21 52
22 1565
23 1212
23 1414
24 1018
24 836
24 862
25 488
25 1133
26 1043
27 1293
28 1418
28 1078
29 1330
29 916
30 805
31 673
31 357
31 1437
32 897
32 741
32 1035
32 530
32 211
32 831
33 1206
33 691
33 1573
33 1254
33 1029
34 513
34 1491
34 214
34 1255
35 81
35 738
35 1004
35 453
35 1439
36 743
37 458
38 1579
38 150
38 983
39 1145
40 1392
40 159
41 1576
41 430
42 264
42 1370
42 1165
42 1141
43 808
43 104
43 1522
43 630
43 1159
44 401
44 307
44 61
45 1164
45 1039
46 908
46 735
47 1437
48 1241
48 1522
48 1435
48 798
49 313
49 437
50 371
51 1517
52 1568
52 948
53 336
53 852
53 397
54 128
54 1384
54 444
54 306
55 473
55 62
56 1103
56 1430
56 919
57 368
57 348
57 974
58 250
58 1106
58 1253
59 870
59 1023
60 824
60 107
60 1294
61 1124
61 1418
62 121
62 1591
62 1577
63 618
63 877
64 1144
64 598
65 793
65 1404
65 1494
65 1345
66 143
66 773
66 1325
67 1491
67 923
67 484
67 1350
68 515
68 179
69 1274
69 1138
70 1442
71 561
72 1331
72 891
72 804
73 1304
74 1089
74 676
75 969
75 1593
76 484
76 1355
76 132
77 530
78 357
79 816
79 462
79 343
80 1325
81 99
82 1452
82 476
82 1013
83 1495
84 417
85 1145
85 261
85 182
85 1023
86 1516
86 1374
86 966
87 627
87 120
87 323
88 1037
88 237
89 992
89 1307
89 1326
90 538
90 1141
90 316
90 565
90 279
91 1435
92 1033
92 1388
93 1176
93 1291
93 1399
94 608
94 453
94 1552
94 531
94 822
94 1381
95 493
96 311
97 340
97 1493
98 262
99 1405
99 1267
99 949
99 1183
100 1339
100 179
101 1016
102 932
102 1341
103 570
103 758
104 387
104 433
104 739
104 982
104 315
105 1562
106 672
106 481
107 1418
107 525
108 1083
108 660
109 409
109 804
109 502
110 1504
110 930
111 408
111 427
111 1030
111 1446
111 925
112 1505
112 1229
113 577
113 1277
114 1261
115 236
115 134
116 1175
116 207
116 247
117 1134
118 758
118 607
119 1068
119 678
120 672
120 1529
121 265
121 1284
121 446
122 792
122 473
122 535
123 521
123 950
124 677
125 1185
126 626
126 420
127 1439
127 1356
127 159
128 873
129 1476
129 151
130 1332
130 646
131 465
132 158
133 978
134 365
134 755
135 581
135 455
136 544
136 1163
136 1156
136 1085
136 358
137 210
137 1362
138 196
138 775
139 1573
140 1191
141 1171
141 1030
142 991
143 565
144 1306
144 1566
145 1250
145 765
145 829
146 620
147 1556
147 1102
148 760
148 1352
148 267
148 564
149 1152
149 500
151 963
152 581
153 840
153 953
154 765
154 597
154 279
155 1080
155 238
156 369
156 298
156 523
156 630
157 305
157 841
158 776
158 914
160 168
160 917
161 1521
161 1411
161 577
162 377
162 894
162 1207
163 1557
163 374
164 1051
164 319
165 1230
166 273
166 803
167 522
167 734
167 1167
168 1011
169 1233
169 829
169 1357
170 1286
171 1409
172 730
173 420
173 1414
173 191
174 1353
174 457
175 265
175 1371
176 568
176 1065
176 410
176 1308
176 1476
177 417
177 1049
177 951
178 1034
178 1283
178 1317
178 1439
180 1456
180 595
181 298
181 378
182 1218
182 538
182 580
183 992
183 302
184 809
184 1090
184 1508
184 446
184 796
185 649
185 950
186 1258
187 938
187 287
188 504
188 1427
188 1294
189 898
190 1447
191 688
191 274
192 1072
192 298
192 1198
193 713
193 482
193 1371
194 609
195 984
195 226
196 776
196 200
196 922
197 1233
197 1410
197 206
198 382
199 320
199 608
199 359
199 206
199 336
199 1076
199 1436
200 437
201 1283
201 649
201 579
201 276
202 272
202 289
202 309
203 649
203 713
204 1594
204 1172
204 690
205 680
205 1571
205 1151
206 1185
206 317
207 839
208 1114
208 1023
209 1500
209 540
209 935
212 562
212 518
213 854
214 229
214 695
215 649
216 1377
217 1416
217 1514
217 555
218 1463
219 1332
220 1456
220 810
221 648
222 359
222 1358
222 815
222 1434
222 603
222 1530
223 808
223 593
223 347
223 789
223 1079
224 816
224 474
224 1070
225 324
226 1491
226 1242
226 1006
227 746
227 302
227 1103
228 656
228 1518
229 1546
229 540
230 452
231 1053
231 1438
232 641
232 1490
233 729
234 1357
235 570
235 1540
235 495
236 1240
236 1430
237 392
237 335
238 1595
238 906
239 1090
240 1043
240 1004
240 461
240 407
241 1141
242 1042
242 1131
243 1153
243 1393
243 1281
244 257
245 775
246 1488
247 266
247 714
248 827
249 794
250 993
250 1306
251 1312
251 860
251 1267
251 692
251 1015
252 1213
253 817
253 276
253 1590
253 422
254 407
255 1383
256 1160
256 1300
256 718
257 988
257 1371
258 1192
258 514
259 392
259 973
259 487
260 1360
260 1564
261 1308
262 891
262 1245
263 315
265 1212
265 716
266 634
266 1210
266 485
266 1134
267 564
268 1125
269 662
270 528
270 490
270 718
271 1128
272 1545
272 877
273 740
273 1302
273 509
274 1589
274 629
274 589
275 1232
275 665
275 549
276 1488
276 1462
277 1138
278 941
279 1004
279 348
280 1314
280 1541
280 845
280 466
280 532
280 670
281 440
281 905
281 995
281 436
281 1065
282 1228
283 1112
284 1412
285 993
285 555
286 541
286 1446
287 1528
287 1172
287 1117
287 1223
288 515
288 527
289 296
289 1001
290 1304
290 458
290 533
290 1327
291 1338
291 701
291 615
292 1186
292 1319
293 1334
294 1491
294 853
295 380
295 414
296 396
297 451
299 379
299 1569
299 851
299 772
300 854
301 1402
301 788
301 1066
302 870
303 659
303 1294
303 695
304 937
304 1173
305 817
305 967
306 526
306 1357
307 1436
308 805
308 1383
309 529
310 1303
310 547
310 1323
311 1308
311 1421
311 1558
312 1180
312 774
313 1212
314 1066
315 1330
315 854
316 1515
316 450
316 1190
317 1106
317 404
317 413
318 755
319 927
319 759
319 719
320 1217
320 1451
320 1252
321 1384
321 809
321 365
322 1480
322 1019
322 813
323 889
323 386
324 1202
325 1533
325 1174
326 1569
327 380
328 867
328 1481
328 1027
328 547
328 459
329 632
329 1355
329 718
330 1438
331 748
331 1501
331 503
332 648
332 1265
332 1351
332 1581
332 405
333 578
334 489
334 1475
335 1097
335 571
336 1189
336 963
336 1076
337 1053
337 359
338 1598
338 1358
339 1310
339 567
340 1296
341 1034
341 667
342 1230
342 679
343 1118
344 555
344 700
344 613
345 830
346 1226
347 1393
347 1001
347 1457
348 615
348 758
348 413
348 1022
349 373
350 669
350 1070
351 502
352 504
352 681
353 396
353 1549
354 1072
354 1249
354 778
354 588
355 1282
355 1267
355 759
356 1494
357 932
358 1375
359 1035
359 819
360 477
361 1499
362 1090
362 850
363 401
364 1217
364 883
365 1095
365 1343
366 785
366 661
366 583
367 1211
367 1286
368 1019
368 1259
368 1047
369 1101
370 1492
370 748
371 726
372 1099
373 800
374 1332
374 1527
375 1476
375 1276
375 1541
375 967
376 1024
376 745
377 560
377 501
378 756
380 1081
380 1586
381 1592
381 1595
381 1132
382 1098
383 532
383 861
383 1103
384 1409
384 1259
384 1478
385 1416
385 1175
385 549
385 1471
386 1478
387 1372
388 988
389 708
389 829
390 1027
390 941
391 491
391 886
392 1175
393 1534
394 1560
394 490
395 1036
396 1341
397 698
398 1268
399 1354
400 700
400 1548
401 1041
402 1539
402 925
402 1070
403 976
403 1170
403 790
404 1398
406 819
406 710
407 1211
407 452
409 584
410 1348
410 1559
411 666
412 1046
413 1142
413 1215
414 1114
415 522
415 660
415 471
416 1549
416 837
417 1496
417 582
418 1344
418 648
418 1292
418 1580
418 532
418 701
419 1457
420 1037
421 1289
421 426
421 698
422 609
422 468
423 1094
424 1004
424 765
424 527
425 697
426 650
426 1547
426 1470
428 1235
428 1436
428 525
429 1090
429 1014
430 461
430 697
431 1184
431 817
431 1251
431 1249
432 1202
434 1497
435 1162
435 685
435 702
435 1015
437 1012
438 1536
438 1261
439 1125
440 611
440 590
441 899
441 1423
442 1344
443 1338
444 473
444 939
444 668
444 1551
445 1458
445 1475
446 704
446 766
446 1271
447 1054
448 531
449 722
450 1018
451 1106
451 1557
451 566
451 1081
453 1234
453 966
454 1380
454 1462
455 897
455 1007
455 1077
456 585
456 1526
457 1066
458 464
460 1463
461 706
461 1549
461 1361
461 631
463 583
464 1192
464 875
465 712
466 1266
466 1220
466 1254
466 1238
467 1227
467 1565
467 535
468 1571
469 1576
469 1073
469 980
470 1176
470 1129
470 610
470 475
472 731
472 929
473 1354
473 1499
473 1533
474 587
475 1329
475 569
475 1007
476 840
477 547
477 1023
478 1044
479 852
480 721
480 561
480 1385
482 801
483 1449
483 1535
484 1536
485 915
485 1597
486 652
486 1399
487 578
488 1484
488 1325
489 660
489 1365
490 1408
490 1156
491 537
491 889
492 688
492 1090
493 523
493 772
495 1278
496 814
496 559
497 1438
498 563
499 613
499 1501
499 1479
500 981
501 1158
502 1066
503 1447
505 1045
506 571
507 886
508 939
508 1235
509 1028
509 1177
510 1472
511 726
512 527
512 1546
512 615
512 1543
513 1578
513 1373
513 1286
514 1520
514 1419
514 1300
514 597
515 580
515 600
516 1460
517 1261
517 853
518 1148
518 845
518 1374
519 872
520 723
520 1477
520 1239
521 994
522 848
522 1537
523 1018
524 1592
525 1204
526 1506
526 1006
526 621
527 1186
527 710
528 1199
529 778
529 839
530 1355
532 669
532 890
534 1192
534 1276
534 703
536 752
536 581
536 966
538 724
539 718
540 1336
540 656
540 1377
542 827
543 1012
545 939
546 917
547 1075
547 920
547 602
548 950
550 1328
550 1463
550 1471
551 562
551 835
551 638
552 637
553 1595
553 759
554 1104
554 584
555 1100
555 869
556 891
557 772
558 1436
559 1233
560 1546
560 1331
560 637
560 631
561 1114
561 1507
561 573
563 1540
563 1494
564 848
564 752
565 1203
565 1174
566 1283
566 1349
567 1290
567 1450
568 891
569 1225
569 1257
570 634
571 1248
571 1055
572 1288
573 594
573 1099
574 658
575 751
576 1504
576 1322
576 671
576 918
576 1063
578 997
578 931
579 1085
581 1298
583 1416
584 1003
585 805
586 1258
586 894
587 1397
587 1454
588 1235
590 1282
590 668
590 1349
591 1264
592 1326
593 1017
593 1291
594 1076
596 897
596 858
597 1378
599 1449
599 711
600 1053
601 856
601 1288
601 1098
602 885
603 748
604 977
604 1123
605 1045
605 998
606 1226
606 795
606 652
607 1320
607 1094
608 1064
609 1467
609 882
610 724
610 1430
611 1538
612 665
612 1085
614 707
615 1534
615 1367
616 1403
616 679
617 637
619 1559
620 857
620 1155
620 659
620 1378
621 852
621 1127
622 814
623 1188
624 953
624 801
625 632
625 641
626 851
626 1047
628 1313
628 1550
628 1367
629 737
630 1558
632 1515
633 792
633 1147
633 716
634 1121
634 1596
635 1200
636 950
637 781
637 1113
637 1049
639 1290
639 764
639 871
640 1020
640 1086
642 1124
643 692
644 664
644 957
645 1121
645 1071
647 1228
647 999
648 1342
650 977
650 1147
651 1141
652 1411
652 1206
653 1559
654 713
654 1205
654 1581
654 685
655 869
656 1549
657 1347
658 1116
660 1592
660 1389
662 1493
663 1116
663 1428
663 687
664 1521
664 1091
665 778
666 1061
666 1598
668 1128
668 922
668 866
670 1266
671 1049
671 1577
671 1279
672 1258
673 803
674 1513
674 708
674 1439
675 786
675 1269
676 1434
677 1472
677 1145
678 751
678 1484
681 697
682 1451
683 1321
683 1316
684 1328
684 1059
684 1227
685 1176
686 1465
686 1298
686 1257
687 1032
688 1549
689 1053
689 1349
690 1456
690 964
690 1492
692 944
692 921
693 1024
694 1483
694 1012
695 1040
695 1506
695 1429
696 793
696 1170
696 1101
697 987
698 1005
698 844
699 1073
700 1524
700 1486
702 1497
702 870
703 977
703 1514
703 829
705 1490
707 1190
707 1101
709 1448
709 1313
709 1579
710 1032
710 1536
710 914
711 1558
712 1217
712 875
712 893
712 1281
713 1577
713 818
713 1430
714 985
714 740
714 1205
715 1069
717 1442
717 894
719 1563
720 1210
721 1200
721 785
722 1064
723 823
724 1443
725 1441
725 1051
725 1045
725 1478
726 1459
726 1350
727 1300
728 855
728 1359
729 781
729 1285
730 778
730 1231
731 1355
732 1499
732 861
733 1233
735 846
735 1494
736 1260
737 936
737 799
738 1406
742 883
743 1265
743 796
743 1583
744 1329
745 1032
745 1509
746 1376
747 1114
748 945
749 1405
750 1376
750 820
751 1423
753 916
753 1425
754 1440
757 1346
757 802
758 1486
759 1417
760 1391
761 1257
762 1565
763 915
764 865
764 838
765 1100
766 881
766 870
767 848
767 965
767 926
768 1218
769 973
770 1125
770 1271
771 1379
772 1385
773 1168
774 877
775 952
775 1554
775 1357
776 1570
776 1415
777 944
777 881
777 1139
778 809
778 1289
779 892
779 1262
780 1163
780 1236
782 1372
782 1175
783 1588
783 1422
784 1522
786 1569
787 1265
787 987
787 821
789 803
791 1501
792 1221
793 895
794 904
794 1363
794 1296
794 1441
795 1593
796 1409
797 1508
797 1590
799 1520
800 1072
801 1500
802 1138
802 807
804 1121
804 1585
805 1097
805 1524
805 1340
806 1561
806 823
808 1055
808 1561
808 1143
810 1064
810 1263
811 1218
811 1514
812 956
812 822
813 1256
815 1417
815 1095
815 1273
816 1349
818 1578
818 887
820 1506
821 936
825 1044
825 1503
826 1378
827 1596
827 1558
828 1233
829 949
830 1334
831 1120
832 1296
832 922
832 1347
832 1383
833 1052
834 1130
834 1551
835 1497
836 1598
837 905
838 1087
839 1568
839 1339
840 944
842 1021
843 1395
844 1572
844 1511
845 1370
847 1193
847 1564
849 1532
851 1485
852 1436
853 1552
853 1140
854 1166
854 1358
854 1114
855 1452
857 1468
857 1011
859 1305
859 945
860 1346
863 1221
864 1085
868 1412
868 1541
868 1461
869 1553
869 1482
870 1413
871 1238
872 990
873 1108
873 1085
873 1567
874 1162
876 1059
878 1409
878 1507
878 1390
879 1555
879 1061
880 962
880 1109
881 1152
881 1379
882 1301
882 1501
884 1273
884 1151
886 1371
887 1396
887 1021
887 1294
888 1026
892 1073
892 1260
894 936
894 1495
896 1216
897 1316
898 958
899 1094
900 1242
900 910
901 1124
901 1174
902 1169
902 1215
903 958
905 1048
905 1499
907 1005
907 943
908 1025
908 1438
909 1264
910 1502
911 1219
912 1417
913 1584
913 1357
914 1449
914 1357
915 1432
916 1132
916 1345
916 1317
917 1252
921 1070
922 1391
923 1101
924 1052
925 1388
925 1426
926 1551
926 1175
926 1187
926 1582
927 1303
928 1112
928 1518
929 1539
929 1542
930 1457
933 1308
933 1103
934 1579
935 1580
936 1092
936 1324
936 1559
937 1247
938 1209
938 1573
939 1310
940 1000
940 1239
941 1428
941 949
942 1425
945 1202
946 1292
947 1112
950 963
952 1418
953 1061
953 1503
954 1372
955 1560
955 989
958 1281
959 1274
960 1104
960 1566
961 1434
961 1414
961 1254
962 1416
962 1218
962 966
963 1144
963 1303
966 1214
967 1169
967 1273
967 1377
968 1589
969 1514
970 1195
970 1092
971 1157
972 1166
975 1352
975 1191
976 1128
976 1308
976 1117
978 1528
978 1196
979 1464
981 1175
983 1460
985 1575
985 1311
986 1548
988 1057
990 1276
991 1096
991 1295
992 1337
995 1114
995 1061
996 1185
997 1189
998 1412
999 1010
999 1156
1001 1080
1002 1103
1003 1464
1006 1107
1007 1374
1008 1158
1009 1233
1011 1522
1012 1099
1013 1243
1015 1431
1016 1101
1018 1208
1018 1573
1023 1222
1024 1587
1024 1455
1026 1525
1026 1373
1027 1234
1030 1583
1031 1367
1036 1235
1037 1489
1037 1056
1038 1325
1039 1106
1041 1355
1041 1149
1045 1126
1046 1496
1046 1217
1048 1490
1050 1445
1050 1494
1052 1344
1053 1368
1054 1541
1055 1370
1055 1166
1055 1230
1056 1440
1056 1253
1057 1181
1058 1301
1059 1074
1060 1571
1060 1133
1060 1182
1061 1577
1062 1426
1063 1384
1063 1194
1064 1464
1067 1403
1069 1333
1070 1352
1078 1189
1079 1233
1080 1176
1082 1488
1083 1234
1084 1536
1084 1097
1084 1135
1086 1505
1086 1167
1088 1516
1090 1299
1090 1150
1092 1176
1093 1504
1093 1386
1093 1303
1096 1323
1096 1255
1098 1166
1099 1275
1102 1281
1103 1358
1105 1224
1105 1587
1105 1572
1106 1293
1107 1299
1108 1506
1109 1551
1109 1334
1109 1143
1110 1330
1111 1310
1112 1139
1112 1591
1112 1597
1113 1480
1113 1393
1113 1473
1115 1207
1116 1151
1116 1261
1117 1243
1118 1214
1119 1319
1120 1458
1121 1218
1121 1576
1122 1404
1123 1188
1123 1147
1124 1244
1126 1327
1127 1223
1129 1151
1131 1315
1133 1197
1135 1430
1136 1391
1137 1170
1138 1444
1139 1445
1141 1562
1142 1157
1144 1444
1144 1190
1146 1230
1150 1350
1153 1318
1154 1429
1156 1530
1158 1574
1159 1178
1160 1219
1168 1182
1170 1415
1172 1309
1173 1470
1176 1299
1177 1400
1178 1424
1179 1572
1181 1363
1183 1298
1187 1412
1188 1208
1189 1350
1189 1333
1190 1545
1191 1281
1192 1554
1192 1493
1193 1271
1197 1469
1198 1296
1199 1296
1199 1204
1201 1232
1204 1415
1205 1464
1213 1235
1216 1415
1219 1519
1220 1461
1224 1324
1225 1503
1228 1369
1236 1356
1237 1419
1238 1287
1246 1280
1247 1352
1251 1259
1251 1550
1255 1464
1257 1297
1259 1594
1259 1324
1263 1318
1264 1319
1265 1584
1265 1422
1267 1517
1268 1568
1271 1274
1272 1483
1277 1311
1279 1482
1280 1335
1282 1585
1287 1582
1289 1376
1289 1462
1289 1407
1291 1415
1295 1396
1296 1453
1305 1537
1315 1524
1318 1406
1320 1571
1321 1531
1322 1497
1323 1390
1323 1477
1326 1485
1327 1383
1329 1377
1335 1430
1336 1438
1343 1433
1344 1557
1347 1532
1349 1578
1350 1394
1353 1387
1354 1398
1358 1512
1362 1458
1362 1499
1364 1558
1364 1527
1365 1530
1366 1487
1368 1530
1382 1526
1387 1597
1394 1544
1395 1510
1401 1524
1407 1487
1416 1464
1420 1598
1427 1563
1427 1477
1428 1482
1441 1480
1452 1575
1454 1595
1457 1561
1464 1554
1466 1592
1473 1579
1474 1486
1477 1537
1479 1599
1482 1524
1484 1571
1484 1517
1489 1568
1500 1564
1501 1532
1510 1521
1523 1591
1527 1594
1530 1542
1539 1589
1558 1579
