1 2174
1 658
1 1669
2 2339
2 400
2 206
2 174
2 9
2 2337
2 619
2 1897
3 1280
3 2434
3 1903
4 313
5 2093
5 1366
5 1806
6 1707
6 2128
6 423
6 158
7 1982
8 2457
9 2488
9 174
9 1735
10 644
10 783
10 137
11 1266
12 2337
12 719
12 2434
12 53
13 1377
13 2226
13 1048
13 2556
13 2629
13 1939
14 1939
15 2614
15 2139
16 2128
17 2271
18 990
18 1419
18 2216
18 2434
18 1065
18 2256
18 2511
18 482
19 838
19 2123
19 111
19 631
20 1811
20 2374
20 2337
20 1505
20 2364
21 1871
22 2337
22 719
23 2337
24 1934
24 2128
24 1652
24 2006
24 1982
25 627
26 2364
26 2555
26 498
26 580
27 1547
28 893
29 542
29 264
29 507
29 1835
29 2366
29 2519
29 1837
29 1276
29 2332
29 2086
29 1802
29 1606
29 1652
29 1411
29 522
29 1547
29 349
29 1330
29 564
29 1931
29 1288
29 698
29 1603
29 2023
29 1749
29 2504
29 655
29 204
29 2434
29 1899
29 1429
29 1392
29 868
30 2212
30 1146
30 795
31 1551
32 1195
32 2453
33 1411
33 2551
33 2453
34 2337
35 1193
36 1498
37 1083
38 2100
38 1551
38 2012
38 175
38 856
38 485
38 1842
38 644
38 525
39 1707
39 2453
40 2139
40 872
40 198
40 636
40 1319
40 315
40 2104
40 2033
41 1811
41 1281
41 1018
41 1879
41 523
41 2337
42 2100
42 1976
42 2339
42 1686
42 1633
42 2337
43 186
43 2551
43 2615
43 65
44 1754
45 1551
45 81
45 2591
45 2442
45 1729
45 2250
45 680
45 1738
45 391
45 1024
45 1569
45 2337
45 2459
45 891
45 2305
45 195
45 2226
45 2614
45 649
45 1423
45 1265
45 884
45 1768
46 1652
47 2434
47 2016
48 2511
48 1366
48 1533
49 1146
49 1647
49 593
49 1441
50 2434
51 1812
51 2503
52 2556
52 856
53 1089
53 990
53 270
53 1912
53 88
53 1162
53 2249
53 304
53 2409
53 1843
53 2374
53 474
53 344
53 882
53 1652
53 56
53 2453
53 1775
53 97
53 482
53 193
53 65
53 1172
53 2551
53 2505
53 1706
53 411
53 1583
53 2434
53 1298
53 285
53 2422
53 1183
53 1288
54 743
55 1982
56 990
56 261
56 2374
56 1083
56 2434
56 2453
56 1453
56 924
56 1719
57 2260
58 2131
58 530
58 799
58 1848
59 1484
59 2614
59 2453
59 823
59 2003
60 1328
61 594
62 2245
62 385
62 64
62 803
62 1267
62 1941
62 1848
63 1146
64 573
64 1680
65 2452
65 427
65 956
65 1146
65 2050
65 1647
65 339
65 1313
65 2045
65 2179
65 2524
65 1822
65 1319
65 553
65 1441
65 2453
65 270
65 1783
65 1382
65 2607
65 98
65 1743
65 1173
65 2551
65 1722
65 1289
65 277
65 1707
65 2505
65 1458
65 1583
65 2073
65 2355
65 704
65 1181
65 2019
65 1590
65 1759
65 77
65 2033
66 2424
67 2139
68 822
69 573
69 268
70 542
70 423
71 523
72 1899
73 2585
73 2607
74 1462
74 535
74 1370
75 777
76 2016
76 482
77 301
77 2264
77 2073
77 1146
77 2212
77 2107
77 464
77 926
77 1445
78 541
79 2511
79 2434
80 277
80 1856
80 936
82 1079
82 1271
83 137
84 1375
85 2434
85 989
85 637
86 751
87 2078
87 1146
87 2128
87 2404
87 2082
87 2319
88 2363
89 2374
89 1202
89 2453
90 2348
91 1377
91 2556
92 798
92 2341
92 1309
92 1725
92 1982
92 2496
93 523
93 2337
93 2228
94 2556
95 2337
96 1965
96 2434
96 1893
98 1355
98 1319
98 921
98 2551
98 2453
99 498
100 2556
101 313
102 1493
102 2569
103 970
103 2292
104 2556
105 1799
105 1124
105 1155
105 804
105 770
105 225
105 2556
105 935
105 2188
105 1528
105 2337
105 1249
105 1377
105 1814
105 1816
105 605
105 1931
105 856
105 245
105 2276
105 2116
105 1752
105 2280
105 2396
105 165
105 620
106 630
106 1474
107 1473
107 1946
107 288
107 1500
108 352
108 2434
108 989
109 2614
109 482
110 2052
110 1662
110 630
110 2128
111 838
111 839
111 2331
111 2240
111 2482
111 1066
111 674
111 1519
111 517
111 184
111 2183
111 2335
111 1438
111 2093
111 190
111 191
111 1025
111 2338
111 1531
111 465
111 2012
111 1852
111 1205
111 1504
111 1704
111 700
111 1386
111 1038
111 890
111 2423
111 1393
111 296
111 1720
111 1285
111 456
111 2369
111 1945
111 538
111 2046
111 728
111 2448
111 1409
111 1739
111 556
111 1069
111 2228
111 1251
111 2061
111 2534
111 897
111 1254
111 1256
111 241
111 2543
111 1753
111 1265
111 414
111 1902
111 753
111 1746
111 1333
111 2553
111 759
111 1523
111 1597
111 2559
111 1279
111 2412
111 1305
111 443
111 651
111 1120
111 2634
111 873
111 1128
111 1627
111 2429
111 2581
111 1792
111 788
111 2123
111 960
111 1613
111 1949
111 971
111 1800
111 629
111 2138
111 631
111 805
111 806
111 2449
111 478
111 1161
111 2301
111 814
111 145
111 1167
111 1490
111 1734
111 912
111 154
111 324
111 1177
111 1506
112 1133
113 423
114 1646
115 1415
116 2019
117 2128
118 1922
119 1419
119 980
119 916
120 2337
120 177
120 482
120 2614
121 1146
121 2453
121 935
121 1392
121 2467
121 2033
122 1811
122 701
122 1594
122 391
122 719
122 2374
122 2335
122 1721
122 491
122 1277
122 1332
122 2398
122 2203
122 523
122 2337
123 1228
124 935
125 1580
126 1581
126 366
126 593
126 2204
127 725
127 783
127 1272
128 2588
128 1467
128 1049
128 1050
128 668
128 1041
128 1690
128 2137
128 594
128 1561
128 468
128 2216
128 1879
128 1848
128 1807
128 2258
128 523
128 2337
128 2012
128 2156
128 1666
128 993
128 1343
128 573
128 624
128 1348
128 1754
128 2319
128 2321
128 174
129 542
130 542
131 2511
132 2631
133 670
133 1419
133 1544
133 1652
133 2434
133 943
133 912
133 2511
133 522
133 1288
133 2086
133 1680
133 482
134 2337
135 990
135 146
135 2434
135 1065
135 1547
135 2511
136 2577
137 573
137 1317
137 2072
137 279
137 2017
137 644
137 812
137 993
137 2323
137 650
137 2270
137 783
137 332
138 651
139 858
140 659
140 2353
141 2556
142 1366
143 180
144 390
144 2210
144 1652
144 174
146 542
146 485
146 2102
146 2216
146 1652
146 2434
146 1757
146 2511
146 2137
146 482
147 1875
148 2453
149 1790
150 2511
150 1533
150 482
151 1049
151 1041
151 1375
151 1348
151 783
152 2108
153 2556
154 1707
154 1340
155 990
155 1419
155 2434
155 564
155 1547
155 1837
155 482
156 1517
157 2128
158 1264
158 2453
159 2434
160 2082
160 2566
161 1244
162 1377
162 2556
162 1646
163 838
164 2255
164 1541
164 2614
164 458
164 2139
165 1036
165 2440
165 2182
165 1048
165 2556
165 1646
165 856
165 628
165 250
166 1009
167 804
168 2128
168 1707
168 1602
169 1341
169 981
169 1982
170 542
171 347
172 2337
173 1551
173 2012
173 967
173 1427
173 2337
173 2057
174 1551
174 668
174 1348
174 1871
174 626
174 1041
174 622
174 1276
174 1955
174 680
174 2453
174 349
174 1566
174 2337
174 397
174 603
174 573
174 2194
174 1976
174 1131
174 206
174 624
174 786
174 2321
174 1392
174 248
174 619
175 261
175 2614
175 1388
175 456
175 1724
175 1746
175 1184
175 1194
175 287
175 1900
175 1166
176 1366
177 1114
177 1551
177 714
177 418
177 956
177 1594
177 563
177 293
177 1320
177 661
177 2469
177 652
177 1095
177 523
177 2337
177 1431
177 178
178 2337
179 1978
179 2421
179 1146
179 2472
179 455
180 2105
180 1093
180 519
181 2453
182 523
183 1666
184 2046
184 2012
184 1386
184 2335
184 1409
184 873
184 2301
184 1393
184 1069
184 2228
184 674
185 2614
186 2542
186 1522
186 2364
186 553
186 2453
186 2551
186 448
187 854
187 1950
188 1802
189 1948
189 1484
189 349
189 2337
189 1500
189 271
190 2123
191 2301
192 2108
193 713
193 311
193 989
193 1652
193 2434
193 1906
193 1547
193 1470
193 2086
193 1286
194 2373
196 482
197 1243
197 2261
197 1858
198 482
199 485
199 1710
199 1461
199 423
199 1842
199 482
200 2044
201 2337
201 564
202 277
202 1517
202 1743
203 2182
203 1491
203 2556
203 696
203 2629
203 250
204 692
204 2337
204 1652
205 1652
206 400
207 2247
207 408
207 1936
207 1864
207 1009
208 2341
209 1982
210 356
211 423
211 2434
211 482
212 498
213 317
213 1770
214 2556
215 1652
215 1756
215 1547
215 349
215 1288
215 1415
216 931
216 2337
216 495
217 1357
217 1533
217 1366
217 537
217 1708
217 943
217 1806
217 1965
217 1770
217 1113
218 1547
219 990
219 2100
219 1817
219 1419
219 1547
219 2511
219 1965
219 482
220 666
220 391
220 2337
220 2342
221 956
222 1272
223 482
224 1425
224 2128
225 1377
225 245
225 2556
225 2328
225 2419
225 1528
225 2236
226 2260
226 833
227 469
228 2228
228 1841
228 2434
229 1054
230 1086
230 2556
230 2049
231 1879
232 1146
232 1313
232 605
232 1734
233 1982
234 2100
234 1551
234 2388
234 1652
234 928
234 349
234 2587
234 1749
235 893
236 2012
236 1069
236 1746
237 2225
238 423
238 1982
239 1817
239 1652
239 2434
239 1931
239 1547
239 2511
239 1842
239 2216
240 1320
241 2012
241 2123
242 2114
243 1871
244 2337
244 1795
245 2440
245 442
245 1992
245 1816
245 2280
245 2556
245 1377
245 1646
245 2396
245 628
245 1973
246 1879
247 1392
248 2128
248 1561
248 498
248 1422
249 276
250 605
250 2556
250 346
250 1181
250 2236
250 796
251 2457
251 2242
252 2556
252 2453
253 932
253 1190
253 2051
253 1754
254 2216
254 2488
254 1666
254 1842
255 2453
256 523
256 2337
256 1618
257 2556
257 1366
258 2099
258 2555
258 1394
258 379
258 1182
258 1728
258 645
259 482
260 825
260 1366
260 2329
260 537
260 1596
260 1842
260 1965
260 2045
261 2374
261 2225
261 2012
261 1502
261 1319
261 315
261 1411
261 2551
261 1975
261 2124
262 2012
263 1887
264 1764
264 1802
264 827
264 2453
264 822
264 2337
264 2125
265 2012
265 644
265 1502
266 2555
266 421
266 1166
267 578
268 1601
269 2108
270 1146
270 423
270 1799
270 2453
270 2551
270 1759
270 1656
271 1652
271 1419
271 2434
271 2003
272 2607
272 349
273 677
274 2337
275 1776
276 2099
276 2555
276 1978
276 420
276 379
276 668
276 1182
276 1807
276 1012
276 1728
276 645
277 2505
277 1146
277 605
277 2050
277 1181
277 936
278 1811
278 1879
279 573
279 2488
279 1754
279 547
279 1322
280 2045
281 2622
282 2077
282 585
282 785
282 1574
282 1652
282 2016
282 954
282 457
282 2519
282 1547
282 349
282 1134
282 412
282 482
283 2585
284 1532
284 2337
285 2434
286 893
286 297
286 1261
286 665
286 1932
286 1761
286 783
287 2012
287 1551
287 485
287 1502
288 490
289 423
290 2337
291 935
291 1173
291 1652
291 620
292 2373
292 349
293 523
294 935
295 1811
295 2337
295 1705
298 1573
298 1842
299 2012
300 1662
300 630
300 2128
301 2355
301 1146
301 427
301 1845
301 2212
301 1255
301 2134
301 1682
301 347
301 795
301 1731
302 1341
303 2533
303 2555
303 1982
303 2309
303 1462
303 1199
303 1628
304 990
304 1466
304 585
304 2564
304 1419
304 2434
304 637
304 1453
304 1336
304 339
304 482
305 2564
306 2374
306 1583
306 2342
306 2614
306 1319
306 1039
306 2453
306 1040
306 391
306 1276
306 2337
307 1842
307 357
308 2216
309 2337
309 2322
310 665
310 1892
310 1014
311 667
311 2081
311 2538
311 2434
312 2453
313 2555
313 573
313 1061
313 2184
313 421
313 993
313 1100
313 1547
313 1587
313 1933
313 2303
313 878
313 558
314 2453
315 2128
315 872
315 1652
315 1135
315 2614
315 636
315 2453
315 1040
315 2049
315 1086
315 482
316 1601
317 1478
317 718
318 1133
318 2632
318 2614
318 423
319 431
319 2577
319 958
320 1405
321 2337
322 2337
323 1366
324 838
325 1146
325 427
325 872
325 2355
325 2107
325 1289
325 1353
325 858
325 347
325 795
325 1445
326 2337
326 2128
326 2545
326 2453
327 1652
328 1651
328 2614
329 1303
330 2012
331 1266
333 1842
334 935
334 2108
335 2001
335 2453
336 2128
336 474
336 1572
336 1336
336 2467
336 2246
337 2403
337 1652
337 637
338 391
338 2337
338 719
339 1146
339 593
339 1478
339 412
339 2050
339 1854
339 954
339 347
340 2210
341 2453
342 931
342 412
342 2493
342 482
342 1572
343 1065
343 482
344 1076
345 1547
346 2355
346 1146
347 1629
347 2477
347 1146
347 427
347 2289
347 1993
347 2414
347 704
347 695
347 1179
347 2073
347 1289
347 585
347 1964
347 1353
347 1366
347 593
348 2488
348 1644
348 615
348 1221
348 1666
348 1778
348 783
348 594
349 542
349 2587
349 713
349 2404
349 2519
349 1848
349 2444
349 727
349 2086
349 785
349 1561
349 1906
349 1677
349 1605
349 1652
349 2142
349 2255
349 522
349 1392
349 1569
349 1415
349 482
349 1939
349 1072
349 2226
349 2614
349 564
349 657
349 1288
349 1909
349 1080
349 1842
349 2023
349 1749
349 1423
349 545
349 954
349 2546
349 957
349 1430
349 1547
349 580
349 2031
349 755
349 2033
349 620
350 2033
350 2556
350 2622
351 1553
352 1432
352 1652
352 2434
353 1405
354 1328
355 2337
356 2585
356 1658
356 2453
357 1434
357 1575
358 921
358 1969
358 1680
358 1896
359 2099
359 2555
359 1705
360 2337
361 507
361 483
361 719
361 2453
362 2386
362 937
362 2260
363 2108
364 423
365 568
366 1463
367 1666
368 2357
368 2139
368 848
368 776
369 2556
369 856
370 2614
371 2453
372 922
373 637
374 1315
375 1343
375 573
375 1848
375 1910
376 1776
376 2556
377 2139
378 1652
378 1931
378 2511
378 542
379 2099
379 2555
379 1482
379 1705
379 1728
379 645
380 2226
381 1842
382 2511
383 1219
384 2233
384 783
385 2156
385 573
385 665
385 1996
385 1741
385 1989
385 2137
385 783
386 476
386 1652
386 2434
386 1837
387 872
388 1754
389 2511
390 777
391 954
391 692
391 1826
391 1332
391 2442
391 1498
391 2337
391 523
391 975
391 737
392 2112
392 1146
392 2140
392 1366
392 555
392 1140
392 2445
392 2333
392 2483
393 1652
394 1366
394 537
395 864
395 2434
395 1587
396 482
398 777
399 2100
400 1976
400 2339
400 1348
400 2337
401 2035
402 2337
403 1133
404 1764
404 1411
404 2551
404 2453
405 1982
406 1728
407 1658
407 2453
408 1477
408 2383
408 1009
408 1864
409 542
409 1802
409 2614
409 1652
409 1547
409 2631
410 2100
410 620
411 2374
411 990
411 1551
411 2012
411 2614
411 2434
411 2094
411 2337
412 2190
412 1696
412 785
412 1652
412 2142
412 1430
412 585
412 1399
412 482
412 1134
413 1982
414 1707
414 2128
415 1405
416 1983
416 2337
417 665
417 1741
417 783
418 523
418 480
419 2337
420 573
420 2012
421 573
421 1386
421 2527
421 803
421 1884
421 1754
421 594
422 2403
422 2614
422 620
423 2434
423 542
423 2379
423 2516
423 2102
423 1771
423 2180
423 1138
423 1021
423 995
423 1515
423 2452
423 1452
423 873
423 1999
423 2172
423 423
423 549
423 2595
423 1954
423 2372
423 2598
423 1842
423 1926
423 930
423 2237
423 1798
423 1686
423 1878
423 1608
423 1245
423 1002
423 1959
423 2263
423 601
423 888
423 2057
423 1420
423 1530
423 1462
423 2593
423 485
423 1238
423 1661
423 605
423 1929
423 2343
423 1288
423 1972
423 1174
423 449
423 1626
423 2220
423 2026
423 1625
423 1294
423 2468
423 1268
423 466
423 756
423 1687
423 1476
423 1805
423 1901
423 1085
423 503
423 638
423 1045
423 867
423 1795
423 961
423 2325
424 1811
424 2337
424 1652
424 1705
424 2453
425 1790
425 2141
425 1707
425 1722
425 1449
425 2337
425 2057
426 1680
426 450
427 1146
427 1993
427 2212
427 1140
427 1647
427 2134
427 593
427 1731
427 2414
427 2050
427 2458
427 1445
427 2107
427 2019
427 2500
427 1822
427 1629
427 2355
427 1255
427 1353
427 795
428 893
429 1871
430 2430
430 2453
431 1036
431 2182
431 1048
431 2186
431 787
431 2320
431 2108
431 1700
432 1033
432 644
433 1146
433 618
433 1652
433 1565
433 2577
433 1529
434 1547
435 2128
435 744
436 2108
436 2577
436 1564
437 745
437 658
438 1879
439 2139
440 577
440 2128
440 2344
441 1502
443 2012
443 1551
443 1666
443 1502
444 1601
445 482
446 1652
446 1606
446 2023
446 2504
447 2453
450 2041
450 530
450 1322
451 2477
451 2293
451 593
451 482
452 935
452 620
453 482
454 1871
455 1715
456 2608
456 2012
456 1502
456 535
456 2337
456 2541
457 2077
457 990
457 2139
457 1419
457 1572
457 2434
457 2511
457 1547
457 1141
457 1729
457 482
459 1728
460 1551
461 974
461 630
461 1223
462 2556
462 2607
463 523
463 2337
464 1629
464 1146
464 1698
464 1676
464 2134
464 2457
464 926
467 1193
468 573
468 1054
468 1348
469 710
469 2569
470 2556
471 688
471 1036
471 2320
471 2253
471 2182
471 2556
471 2108
471 2186
471 1146
471 2395
471 1553
471 1772
471 2188
471 936
471 1786
472 2453
473 1146
473 473
473 2226
473 2076
473 1956
473 1353
473 1707
473 593
473 2045
474 1813
474 1572
474 2434
474 637
474 1547
474 2511
474 2337
474 482
475 2337
475 2267
476 2505
476 990
476 2075
476 1419
476 954
476 692
476 1572
476 2434
476 2077
476 1547
476 1837
476 2531
476 482
477 1982
478 838
478 2634
479 778
480 911
480 1970
480 652
480 1652
480 2434
480 637
480 1547
480 1288
480 1283
480 2511
480 1842
481 566
481 2434
481 637
482 1008
482 1705
482 1009
482 968
482 1834
482 1837
482 857
482 519
482 679
482 1696
482 585
482 2493
482 689
482 692
482 2190
482 2016
482 2192
482 2019
482 1537
482 1383
482 1335
482 700
482 853
482 2509
482 735
482 1546
482 1428
482 1547
482 814
482 954
482 2359
482 2033
482 1135
482 2034
482 542
482 2363
482 1399
482 1869
482 1388
482 2519
482 549
482 720
482 723
482 1730
482 2045
482 2374
482 2216
482 1572
482 1065
482 2531
482 1392
482 2381
482 1071
482 1419
482 1573
482 1420
482 1423
482 2535
482 566
482 1256
482 1893
482 1080
482 1258
482 1749
482 595
482 1427
482 1899
482 1754
482 1429
482 1430
482 2074
482 1904
482 1088
482 2077
482 1308
482 2177
482 1906
482 713
482 1596
482 589
482 904
482 1883
482 2250
482 2621
482 1279
482 2564
482 1606
482 771
482 1222
482 2092
482 2256
482 2142
482 2343
482 1284
482 2262
482 604
482 605
482 1618
482 1931
482 1288
482 1784
482 1625
482 1129
482 2274
482 785
482 545
482 2277
482 2582
482 2434
482 1939
482 943
482 957
482 1141
482 564
482 2587
482 2588
482 967
482 1643
482 624
482 575
482 2546
482 973
482 2294
482 1802
482 1651
482 1927
482 1652
482 810
482 637
482 2146
482 1843
482 1965
482 482
482 1134
482 990
482 1813
482 646
482 1817
482 647
482 2151
482 1495
482 2310
482 2241
482 494
482 824
482 825
482 2324
482 1503
482 1328
482 1988
482 951
482 2168
483 1863
483 2304
483 2055
483 518
484 2614
484 2176
485 542
485 2452
485 2080
485 513
485 2479
485 1472
485 1098
485 1842
485 805
485 2633
485 2488
485 1652
485 1963
485 2566
485 2092
485 2187
485 685
485 1544
485 2095
485 2608
485 1929
485 2065
485 1331
485 573
485 748
485 1931
485 1122
485 2311
485 1211
485 700
485 1541
485 1542
485 1502
485 1294
485 827
485 2628
485 1392
485 1184
485 2631
485 1866
486 896
486 2260
486 1792
486 772
486 2337
486 1479
486 674
487 2337
488 1707
489 2374
489 2453
490 921
490 2453
491 1811
491 2337
492 2355
492 1391
493 719
494 2608
494 1306
494 1017
494 1219
494 750
494 590
496 1446
497 2337
498 965
498 544
498 799
498 2364
498 2267
498 921
498 1276
498 1190
498 1334
498 676
498 726
498 1963
498 2453
498 1231
498 1610
498 1658
498 2012
498 646
498 1930
498 1986
498 2538
498 1422
498 745
498 1842
498 1632
498 826
498 1978
498 2596
498 2631
498 2167
499 2434
500 1502
501 2515
501 2128
501 1565
501 2108
501 2511
501 856
501 2607
502 2113
504 1477
504 908
504 1163
504 590
504 1009
505 893
505 2337
505 2082
505 769
505 1711
506 838
506 1069
506 1746
506 2012
507 2374
507 1764
507 692
507 1040
507 1063
507 1429
507 2551
507 2420
507 2337
508 1652
509 2069
510 2337
510 1975
511 893
512 2631
513 542
513 1842
513 1935
513 1406
513 2434
513 1547
513 2337
514 1690
514 1837
515 2337
516 1146
518 1583
518 2453
519 542
519 1630
519 1533
519 1652
519 1242
519 1312
519 712
519 2358
519 1392
519 736
519 1288
519 1569
520 1707
521 2267
522 542
522 1671
522 1802
522 2374
522 1218
522 2434
522 1547
522 755
522 1842
523 1811
523 1594
523 714
523 1878
523 1995
523 717
523 1035
523 2161
523 2173
523 893
523 2588
523 2482
523 1055
523 976
523 978
523 1650
523 1735
523 1652
523 1879
523 1039
523 2299
523 2094
523 938
523 1795
523 2337
523 767
523 1967
523 1717
523 997
523 1114
523 719
523 1259
523 1512
523 2464
523 1449
523 531
523 793
523 652
523 1126
523 653
523 1498
523 2023
523 2024
523 2203
523 1426
523 828
523 786
523 1298
523 706
523 1320
523 539
523 2549
523 2631
523 2513
523 1354
523 1463
523 1464
524 2528
525 2348
525 1459
525 1200
525 2488
525 1070
525 1481
525 573
525 783
526 2260
527 1444
527 2434
528 1767
528 1408
529 630
530 2029
530 1288
530 1680
530 2337
531 2337
532 1652
533 838
534 1592
534 2049
534 2607
534 1602
535 1551
535 1061
535 913
535 941
535 535
535 680
535 1758
536 1535
536 1802
537 2077
537 1102
537 1345
537 1993
537 741
537 2329
537 2477
537 2451
537 1842
537 1366
537 2045
539 1343
540 1583
541 1200
541 1136
541 1481
541 1221
541 1454
541 783
541 1778
542 1551
542 1269
542 1686
542 1652
542 1434
542 2478
542 1767
542 1957
542 2086
542 876
542 1367
542 2487
542 2337
542 1469
542 2566
542 1480
542 1878
542 2619
542 2092
542 1842
542 846
542 560
542 941
542 1392
542 734
542 2493
542 2097
542 2608
542 647
542 2012
542 1533
542 1312
542 2216
542 1090
542 1655
542 2388
542 1853
542 978
542 2614
542 899
542 1931
542 1630
542 2538
542 993
542 1625
542 2023
542 1749
542 905
542 1802
542 921
542 1501
542 1935
542 1710
542 1184
542 827
542 664
542 1218
542 1428
542 710
542 2358
542 1758
542 2074
542 2631
542 1288
542 712
542 1900
543 893
544 2337
544 1842
545 920
545 804
545 1652
545 2453
545 2428
545 2033
546 1982
548 1146
548 2019
549 1193
549 1883
550 778
551 1505
552 2216
553 2551
554 2453
554 1583
556 1582
556 1237
556 1490
556 658
556 1911
557 1633
557 1100
558 2555
559 783
559 2453
560 1485
560 1654
560 1652
560 2434
561 2233
562 2337
564 808
564 1909
564 727
564 1606
564 1652
564 2434
564 2546
564 2519
564 1547
564 1288
564 1625
564 1837
565 1842
566 927
566 2207
566 1334
566 1419
566 1573
566 2216
566 1606
566 1652
566 2434
566 2217
566 841
566 2537
566 1508
566 1577
566 1500
567 1672
568 2108
568 1491
568 1107
568 1583
569 1879
570 1879
571 2511
572 2622
573 1396
573 1595
573 665
573 610
573 1269
573 2285
573 1467
573 1050
573 668
573 1362
573 1871
573 1041
573 2442
573 1848
573 1200
573 803
573 976
573 1100
573 1842
573 1803
573 2216
573 2488
573 2415
573 1040
573 2527
573 1807
573 2258
573 2007
573 2460
573 2337
573 1092
573 1741
573 812
573 892
573 1070
573 2012
573 1170
573 778
573 2479
573 573
573 1493
573 1561
573 2322
573 2068
573 1199
573 993
573 2269
573 2587
573 1291
573 1858
573 594
573 1343
573 1032
573 773
573 1348
573 1754
573 1221
573 1587
573 1680
573 1737
573 1892
573 867
573 868
573 961
573 1666
574 2322
575 1707
576 1705
577 2128
577 2342
577 1652
577 1939
577 2337
578 2217
578 1652
578 685
579 2093
580 2139
580 1605
580 1939
580 1392
580 1967
581 1842
581 1982
582 2544
582 2556
583 1821
583 1157
583 2337
584 1405
585 593
585 931
585 804
585 2453
585 1854
585 706
585 2511
586 1543
586 2556
587 1658
588 677
588 2421
588 588
588 1311
589 1547
589 2434
590 2453
591 1164
591 1366
592 1652
592 2434
593 1146
593 2208
593 2134
593 2295
593 2601
593 931
593 1430
593 2264
593 855
593 1289
593 1127
593 1707
593 2623
593 1629
593 1458
593 863
593 2073
593 2355
593 1391
593 1353
593 795
594 2488
594 2265
594 1331
594 1493
594 963
594 685
594 2569
596 1675
597 1547
598 887
599 1420
599 2337
599 1764
600 2337
601 1549
601 2453
601 1175
602 1369
602 751
602 2345
602 627
604 1146
604 2337
604 1652
604 2434
605 2585
605 1743
605 1517
605 2556
605 1931
605 1491
605 2453
605 1553
605 1181
605 2049
605 2511
605 956
605 1656
605 1313
605 1658
606 2052
607 2322
608 1782
608 783
609 1842
610 1842
610 1652
610 2260
611 851
612 1651
613 2212
613 1364
614 872
615 1221
615 1644
615 783
615 2348
616 2260
617 935
617 2556
619 1848
620 713
620 1906
620 2556
620 1553
620 1101
620 1692
620 2049
620 680
620 1365
620 935
620 782
620 1376
620 2100
620 2189
620 2163
620 2391
620 1821
620 2541
620 1790
620 2114
620 1425
620 1752
620 2320
620 1636
620 2631
620 1795
621 2596
623 2556
623 1681
624 1561
624 1710
624 2036
624 1652
624 2565
624 915
624 1793
624 1848
624 785
624 904
624 1965
625 1328
627 2254
627 751
627 1366
627 2503
628 2556
628 1860
629 1128
629 674
630 2169
630 1907
630 765
630 1873
630 878
630 1437
630 1474
630 1374
630 849
630 2014
630 1662
630 852
630 1209
630 1933
630 1670
630 1827
630 2121
630 1587
630 2235
630 1223
630 1143
630 1043
631 838
631 654
632 2128
633 2139
633 2434
633 1837
634 2587
635 1543
635 912
635 2079
635 923
635 1366
636 1551
636 2614
636 1277
636 1460
636 1828
636 2128
636 710
636 2631
636 1762
637 2027
637 1652
637 2434
637 846
637 711
637 2531
637 2511
637 1965
639 1707
640 2556
641 2568
641 783
642 1366
642 1806
642 1113
643 872
643 2556
644 1821
644 1070
644 2488
644 1122
644 1824
644 731
644 1892
644 1454
644 2322
645 2099
645 2555
645 1922
645 1371
645 1728
646 1652
647 2012
647 1652
648 1754
651 1790
653 2337
653 1650
654 869
655 2614
655 1606
655 1652
655 1899
655 1749
656 2049
657 1551
657 1422
658 1497
659 2542
659 2353
659 2453
659 659
659 2551
659 1224
660 1842
660 2012
661 2337
662 856
663 680
663 2453
664 2337
665 2424
665 2064
665 827
665 2488
665 1644
665 1481
665 2568
665 1892
665 1741
665 2070
665 1667
665 783
666 2542
666 1826
667 2453
668 2156
668 1561
668 1348
668 2337
669 1316
670 2216
670 2511
671 1651
671 2139
672 1982
673 921
673 1723
673 1969
673 1680
673 1909
674 1128
675 1842
675 1547
676 2453
677 1446
677 1149
677 1621
677 2421
677 1647
677 1226
678 2057
679 1842
680 1319
680 2442
680 2374
680 931
680 2565
680 1848
680 2453
680 936
680 2337
680 2100
680 2012
680 2226
680 2614
680 856
680 1425
680 1939
680 1040
680 1392
680 2033
681 719
682 1982
683 1405
684 783
685 1573
685 883
685 2434
685 2527
685 1508
686 2260
687 2049
689 1652
689 1842
689 1547
689 1608
690 1570
691 922
691 2453
692 1403
692 2374
692 2335
692 1606
692 1652
692 2453
692 2094
692 2337
692 990
692 2012
692 1419
692 1817
692 1537
692 2023
692 2434
692 1899
692 1547
692 2564
693 2511
694 1146
695 2073
695 1118
696 1377
696 1048
696 973
696 2556
696 2629
696 1528
696 2236
696 1491
697 1707
699 2511
700 2216
700 2487
701 1114
701 2337
702 2337
703 1425
703 935
703 1181
703 2128
704 1146
704 2179
704 2607
704 2264
704 2355
704 1255
704 2577
704 1822
704 1707
704 1731
705 1303
706 2374
706 1583
706 2453
706 1411
706 2337
707 1982
708 783
709 2260
709 1325
710 2012
710 1686
710 941
710 1467
710 1427
710 2453
710 1583
710 1952
710 2364
710 2454
711 2614
711 2434
712 1551
712 2012
712 1533
713 1906
713 1652
713 2016
713 1526
713 2086
714 2337
714 1795
715 2337
716 2453
717 1829
717 2337
718 1547
719 877
719 2562
719 1064
719 1108
719 2337
719 2304
719 1811
719 1499
719 2471
719 2398
719 2580
719 1672
719 1983
719 1463
721 2556
722 2531
722 2073
722 2453
724 1366
725 1272
725 2119
725 2201
725 783
726 2542
726 2364
727 2453
729 1837
730 1446
730 2128
730 2059
730 2387
730 1982
730 1451
730 1013
730 1777
732 1982
733 2023
733 1547
733 2511
733 1463
734 2012
734 2424
734 1502
734 873
734 2092
734 1666
735 1867
735 2434
735 1193
735 1547
735 1842
735 1366
738 1791
738 1728
739 751
740 1275
741 2477
741 1366
742 2216
742 1790
742 1935
743 2268
743 939
744 872
744 1980
744 2011
745 990
745 1551
745 1652
745 2337
746 2555
747 2556
748 896
748 1479
748 1792
749 1328
751 2485
751 1875
751 2084
751 760
751 1937
751 1489
751 2567
751 1572
751 1029
751 2497
751 1369
751 832
751 2254
751 1524
751 2085
751 2345
751 2147
752 2176
754 2453
755 2404
755 1842
755 1652
757 2577
758 2125
761 2614
762 2100
762 1982
763 1319
764 1328
766 1502
767 831
768 935
768 1707
768 2215
768 1059
769 1811
769 2337
769 783
770 1931
771 2320
771 2108
771 2073
772 2337
772 2432
773 1100
773 2488
773 1754
773 1871
773 1481
773 1322
774 1879
775 1843
776 1328
777 2555
777 2268
777 887
777 1199
778 1239
778 2488
779 1130
779 2482
780 1133
781 2128
782 2100
782 1384
782 2384
783 2128
783 816
783 1200
783 1644
783 1272
783 2070
783 875
783 1818
783 1243
783 2218
783 1697
783 1454
783 2425
783 1122
783 2387
783 1892
783 1932
783 2322
783 1821
783 2233
783 2348
783 1810
783 1261
783 915
783 1741
783 1221
783 2323
783 1481
784 2016
785 1939
785 1696
785 2084
786 2337
787 935
787 2033
788 1547
789 1842
790 2023
791 1328
792 2059
792 1982
793 2337
793 1672
794 1707
795 1629
795 1353
795 2517
795 1993
795 2414
795 1435
795 1118
795 1146
795 2019
795 844
795 2134
795 2601
795 1364
795 2076
795 1822
795 1445
796 1377
796 2556
797 2435
798 2282
798 1982
799 1871
799 1551
800 2128
801 2139
802 2108
803 1269
803 2488
803 1996
803 2599
803 2479
803 1666
803 993
803 1842
803 1870
804 843
804 1543
804 920
804 1799
804 2019
804 2551
804 2134
804 2556
804 1080
804 1822
806 1069
806 1746
806 2012
807 1050
809 2216
809 1652
809 2016
809 2434
809 1854
809 822
810 2363
810 2434
810 1219
811 1366
812 2156
812 2348
812 2488
812 812
812 2492
812 2042
812 1858
813 1842
814 838
814 1652
814 2434
814 873
815 2614
815 2139
816 2362
817 1982
818 2434
819 2337
820 1601
821 1091
821 1619
821 2337
821 877
821 1650
822 1330
822 2565
822 1411
822 874
822 1276
823 2374
823 1334
823 2453
824 2216
824 1652
825 1288
825 1009
825 2564
825 1242
825 2434
825 1321
825 2511
825 1770
825 2358
825 1547
825 2074
825 2631
825 1357
825 1965
825 1966
827 2127
827 2424
827 2614
827 2012
827 1502
827 2216
827 2488
827 1330
827 935
827 2053
827 2028
827 1666
827 941
827 1842
828 2453
829 990
829 2260
829 1652
829 915
829 1939
829 1547
829 2434
830 1502
834 2156
834 1527
835 838
835 873
836 2046
836 2260
836 2216
837 2337
837 2453
837 1583
838 873
838 959
838 1194
838 1516
838 1278
838 2448
838 2301
838 2012
838 2228
838 2616
838 2152
838 1120
838 1386
840 1879
842 2618
842 2337
842 2554
842 1009
844 1146
844 1731
844 1435
844 2355
844 2134
844 1289
844 1353
844 2076
845 1837
846 2434
847 2434
848 1328
850 1543
850 2556
851 2243
851 2594
853 866
854 2533
854 2128
854 2059
854 2387
854 1982
854 2282
854 1013
854 1950
854 2620
855 1366
855 2045
856 2556
856 2403
856 1874
856 1105
856 936
856 1246
856 1377
856 1816
856 1537
856 2272
856 1203
856 2276
856 2116
856 2280
856 2351
856 914
856 1388
856 1141
856 1463
858 2355
858 1146
858 2045
858 2601
858 2073
858 1441
858 1353
858 2212
858 1445
858 2076
858 2134
858 1478
858 1956
858 2019
858 1313
858 1707
858 1698
859 1527
860 2012
861 2128
861 1982
862 1463
865 1982
866 2434
866 1547
866 2550
866 1053
866 2337
867 1771
867 1583
867 1686
867 2453
867 1359
867 2551
868 1706
868 2023
868 1652
868 2434
868 1899
868 1054
868 1749
869 1852
870 1343
871 1982
872 891
872 1700
872 2405
872 2442
872 1876
872 2049
872 2004
872 1925
872 2498
872 1326
872 1327
872 1923
872 1822
872 1086
872 1503
873 2046
873 2012
873 1386
873 2228
873 2301
873 1069
874 1083
875 1481
876 1842
877 2337
877 1234
877 2398
877 2175
878 2014
878 1732
879 1547
879 2434
880 1547
881 2380
881 1705
881 1982
882 2434
882 1837
883 1573
883 2217
883 2359
885 2068
886 2337
887 1260
887 2129
887 2153
887 1705
889 1783
890 1613
890 2335
891 891
891 1146
891 1676
891 1441
891 935
891 1289
891 1382
891 1313
891 1506
891 2134
892 2488
893 1442
893 1871
893 1177
893 1348
893 1257
893 2631
893 2593
893 1998
893 1422
893 1052
893 1507
893 2337
893 1188
894 1405
894 1328
895 1133
896 2181
897 2335
897 2301
898 2260
899 2216
899 1842
899 2434
899 1386
900 1652
901 1570
902 2128
902 1982
903 1146
904 1652
904 2434
906 1366
907 2556
908 1532
909 1146
910 2564
911 943
911 2511
911 1357
911 1770
912 1547
912 2260
913 1370
913 1462
913 1366
913 1982
915 2434
915 1547
915 1837
916 951
916 1842
916 2216
917 2453
918 1871
919 2519
919 1749
920 2188
920 2511
920 2556
921 1969
921 1189
921 1583
921 1723
921 1277
921 1896
921 2337
921 1680
921 1909
922 1093
922 956
922 2284
922 1517
923 2373
923 2216
923 2012
924 1904
924 1258
925 1410
926 1353
926 2073
926 1146
928 2139
928 2614
929 1652
930 935
931 2452
931 1826
931 1695
931 1993
931 1276
931 1313
931 2377
931 1652
931 2453
931 1775
931 2054
931 2023
931 1579
931 1977
931 1583
931 1000
931 1392
931 2631
932 1871
933 1705
934 2453
935 966
935 2517
935 2424
935 1799
935 1700
935 1300
935 1179
935 2252
935 1876
935 1564
935 1565
935 1844
935 936
935 2100
935 2012
935 2215
935 1203
935 2614
935 1423
935 1206
935 2536
935 2108
935 2551
935 1820
935 2577
935 1529
935 2542
935 1037
935 1425
935 1388
935 2031
935 1352
935 1463
936 2100
936 1146
936 1860
936 1583
936 2182
936 2364
936 2452
936 1093
936 2186
936 1565
936 2453
936 2320
936 2108
936 956
936 996
939 1616
939 2128
939 1982
939 1199
940 2039
940 1705
941 2403
941 2453
941 2337
942 2435
943 1357
943 1419
943 1652
943 1171
943 1288
943 1547
943 1842
943 1965
943 1770
944 2155
945 1288
945 1652
946 1258
947 2417
948 1199
948 1728
948 1058
949 2176
950 2337
950 2094
951 1533
951 980
951 1288
951 2511
952 2337
952 1219
953 2614
954 2588
954 2519
954 2564
954 1606
954 1652
954 1063
954 1696
954 1817
954 2342
954 1537
954 2023
954 1135
954 1899
954 957
954 1547
954 2033
955 2139
956 1734
956 1057
956 2452
956 2212
956 2188
956 1759
956 2453
956 1593
957 2151
957 1939
958 2139
958 2614
958 1652
958 2434
958 1547
958 1375
959 2123
962 2100
964 2556
966 1181
966 2108
967 2335
967 2614
967 1547
967 1837
967 2337
969 2139
970 1982
971 2012
972 1410
972 2035
972 1341
973 1887
973 2556
973 1528
973 1538
976 2337
976 1040
977 1551
978 1811
978 1432
978 1650
978 2337
979 2434
980 1652
980 1547
980 1256
980 1413
980 1842
981 2242
981 2555
982 1198
982 1975
983 1666
984 1922
984 2184
984 1996
985 2156
985 1989
986 1565
987 1242
987 1770
987 1708
988 2337
989 2369
989 2434
990 2077
990 1893
990 1652
990 1729
990 1843
990 1713
990 2564
990 1606
990 1319
990 1547
990 1065
990 2531
990 2511
990 1965
990 1817
990 1419
990 2192
990 1537
990 2434
990 1572
990 1141
990 1183
990 1548
991 1535
991 1802
992 1470
993 1100
993 1269
993 2488
993 1652
993 1871
993 2479
993 1666
994 1366
994 2045
998 1146
999 2182
999 2320
999 1517
999 2186
1001 2128
1003 2453
1004 2271
1005 1633
1006 2355
1006 1146
1006 1953
1006 2045
1007 1842
1009 2589
1009 2271
1009 1477
1009 1027
1009 1864
1009 1163
1009 1417
1010 1547
1011 1143
1011 2555
1011 1982
1013 1446
1013 1532
1013 1950
1013 1013
1015 2073
1016 2453
1019 1517
1019 2556
1020 2434
1022 2108
1023 1922
1024 2434
1026 2631
1026 1328
1028 2233
1030 2337
1030 1650
1031 1100
1032 2453
1034 1652
1036 1146
1036 1299
1036 2280
1036 2556
1036 2355
1036 2320
1036 1860
1036 2188
1036 1682
1036 1517
1037 2614
1038 2337
1039 1202
1039 2322
1039 2012
1039 2337
1040 2374
1040 2614
1040 1380
1040 2453
1040 1411
1040 1421
1040 1964
1040 2337
1041 1561
1041 1348
1041 1848
1042 1553
1043 1670
1043 1907
1043 1474
1043 1556
1044 2381
1045 2337
1045 1449
1046 2337
1046 2453
1047 2128
1047 1707
1048 1146
1048 1377
1048 1816
1048 1583
1048 2182
1048 2556
1048 2186
1048 2615
1048 1576
1048 2355
1048 2320
1048 1646
1048 2108
1048 2073
1048 2236
1049 2093
1051 2337
1054 1058
1054 1675
1054 2091
1054 1193
1054 2322
1056 1303
1057 2452
1057 1707
1058 1263
1058 1666
1058 1199
1058 1885
1058 2137
1060 2403
1060 2434
1061 2555
1061 1482
1061 1587
1061 1143
1061 1341
1062 2260
1062 1325
1063 2404
1063 1612
1065 1572
1065 2434
1067 2363
1068 2556
1069 2012
1069 2335
1069 1842
1070 1915
1070 2216
1070 1366
1071 1869
1071 2564
1071 2434
1073 2049
1074 2434
1075 2421
1077 1392
1077 1967
1078 2607
1079 1978
1080 1329
1080 1869
1080 1652
1080 2188
1081 2453
1082 1343
1083 2374
1083 2453
1083 2551
1084 2337
1086 1235
1086 2456
1087 2337
1088 2434
1091 2363
1091 2337
1091 1202
1091 2453
1092 1892
1092 1485
1093 1146
1093 1772
1094 2404
1094 1547
1094 1652
1096 2337
1097 1307
1097 2171
1097 2228
1097 2614
1097 2012
1098 1842
1099 2023
1099 1899
1100 1871
1100 2488
1100 1754
1100 1322
1101 1463
1103 1547
1104 2100
1104 1652
1104 2045
1105 2337
1105 2164
1105 1879
1106 1728
1108 2125
1109 1377
1109 2556
1109 2629
1110 2016
1111 2267
1112 2398
1112 1392
1113 1806
1114 1811
1114 1425
1114 1633
1114 1879
1114 2337
1114 1795
1114 1463
1115 1982
1116 2453
1117 1366
1118 2212
1118 1707
1118 1458
1118 2289
1118 2355
1118 2556
1118 1179
1118 2558
1118 2134
1118 1647
1118 1366
1119 1534
1120 2228
1121 1319
1122 2261
1122 2614
1122 1375
1123 1547
1124 2556
1125 2614
1126 1879
1127 1146
1127 2073
1131 1561
1131 1848
1132 1728
1133 2380
1134 2016
1134 2511
1134 1547
1134 1843
1135 1905
1135 2128
1135 2610
1135 2305
1135 1652
1135 1891
1135 2109
1135 1707
1136 1666
1137 2607
1139 2556
1140 1146
1140 2601
1140 1391
1140 2134
1140 1707
1141 1201
1141 1572
1141 1606
1141 1817
1141 1419
1141 2434
1141 1547
1141 1444
1141 2607
1142 1543
1142 2556
1143 1982
1143 2447
1143 2128
1143 1534
1143 1662
1143 1485
1143 2143
1143 2555
1143 2231
1144 2453
1145 1405
1145 1328
1146 1993
1146 1364
1146 1517
1146 1845
1146 2186
1146 1435
1146 2188
1146 1783
1146 1532
1146 2019
1146 1529
1146 2355
1146 1391
1146 2058
1146 2517
1146 2477
1146 1731
1146 2045
1146 1255
1146 1423
1146 2073
1146 2395
1146 2076
1146 2414
1146 1441
1146 1925
1146 2421
1146 1445
1146 2264
1146 2107
1146 2108
1146 1683
1146 1289
1146 1786
1146 1629
1146 2212
1146 1293
1146 1297
1146 1298
1146 1939
1146 1647
1146 1953
1146 1146
1146 2289
1146 2293
1146 2134
1146 1956
1146 1154
1146 1313
1146 2137
1146 2601
1146 1478
1146 1964
1146 2458
1146 2613
1146 1913
1146 1822
1146 2140
1146 1676
1146 1179
1146 1733
1146 1682
1146 1353
1147 2139
1148 2511
1150 1842
1151 1666
1152 2614
1153 1982
1154 2355
1154 1391
1154 1698
1154 1707
1154 2607
1154 1445
1155 1811
1155 2337
1155 1463
1156 2108
1158 1633
1158 2337
1158 2012
1158 2167
1158 1449
1159 1776
1160 1982
1162 2216
1162 1244
1162 2453
1162 2244
1162 2123
1164 1256
1164 1652
1164 1749
1165 1666
1166 2608
1166 2012
1166 1710
1166 1502
1166 2255
1166 1884
1166 2453
1166 1341
1167 2260
1167 1666
1168 2337
1169 2037
1169 2607
1170 2453
1171 1357
1171 1533
1171 2260
1171 1842
1171 1965
1171 1708
1172 1734
1172 2551
1173 2355
1173 1964
1173 1707
1175 1334
1175 2434
1175 1440
1175 2453
1175 1975
1176 2051
1177 2082
1177 1177
1177 1292
1178 2570
1178 2048
1178 2614
1178 2049
1179 2100
1179 2116
1179 1707
1180 2139
1181 1743
1181 1491
1181 2049
1181 2551
1181 2317
1181 1592
1181 2048
1181 2607
1182 1394
1182 1728
1184 2487
1184 2614
1184 2335
1184 2488
1184 2337
1184 1666
1184 2012
1184 1842
1184 2216
1184 2024
1185 2292
1186 2337
1187 1543
1187 2556
1187 1580
1189 1969
1189 1680
1191 2442
1192 1707
1193 2178
1193 1372
1193 1866
1194 2608
1194 1551
1194 1502
1194 2337
1194 2541
1195 2012
1195 2453
1195 1724
1195 1759
1195 2337
1196 2424
1197 2012
1198 2199
1198 2364
1198 1848
1198 1918
1198 1505
1199 2555
1199 1797
1199 2620
1199 2128
1199 2479
1199 1275
1199 2597
1199 1263
1199 2488
1199 2143
1199 1858
1199 2337
1199 1705
1199 2268
1199 1341
1199 1885
1199 1675
1199 1982
1199 1747
1199 1463
1199 2360
1200 1481
1201 2192
1202 2374
1202 2288
1202 1244
1202 2453
1202 2579
1203 2100
1203 1408
1203 2337
1204 2193
1204 2015
1204 1894
1207 2337
1208 1842
1210 2225
1210 2230
1211 1652
1211 1303
1211 1547
1211 2337
1212 2260
1213 1313
1213 2073
1213 2607
1213 1441
1214 2049
1214 2607
1215 1429
1216 1811
1216 2337
1216 2164
1216 2550
1217 2511
1218 1652
1218 2434
1219 1319
1219 1277
1219 2453
1219 2255
1219 1598
1220 1548
1220 2434
1220 2265
1220 1419
1221 2348
1221 2322
1223 2128
1224 2353
1225 1875
1226 2421
1226 1715
1226 2268
1227 2216
1227 1842
1227 1708
1228 2453
1229 1570
1230 1842
1230 2337
1231 1561
1232 2453
1233 2128
1234 2023
1235 1928
1236 1610
1239 1754
1240 1899
1241 1340
1242 1842
1242 1869
1242 1547
1243 2216
1243 2269
1243 2261
1244 2374
1244 1598
1244 2453
1247 2108
1248 2607
1249 1707
1249 1298
1249 2556
1250 2128
1252 1366
1252 2453
1253 2434
1255 1845
1255 2107
1255 1255
1255 1731
1256 1652
1258 1813
1260 1652
1261 2456
1261 2108
1262 2128
1262 1366
1262 1982
1263 2128
1263 1534
1263 1982
1263 2282
1263 1527
1266 1304
1267 2245
1268 2452
1268 2267
1268 2453
1269 1533
1269 2488
1269 1652
1270 2337
1272 2511
1273 2337
1274 2128
1275 2282
1275 1705
1275 1275
1276 2374
1276 1764
1276 2103
1276 2614
1276 2453
1276 2420
1276 1411
1276 1392
1276 2631
1276 2337
1277 2078
1277 2404
1277 2453
1277 2319
1277 1288
1277 2337
1279 2588
1279 1949
1279 2216
1279 1597
1279 2337
1279 2582
1280 2363
1280 2196
1280 1596
1282 2607
1283 1547
1283 1366
1283 1806
1284 2216
1284 2614
1286 2337
1287 2337
1288 1796
1288 1357
1288 2434
1288 1837
1288 1842
1288 1406
1288 1652
1288 2453
1288 2337
1288 1965
1288 1612
1288 1533
1288 1420
1288 1749
1288 1931
1289 1478
1289 2355
1289 2107
1289 2134
1289 2491
1289 1353
1290 1532
1293 2453
1293 2596
1294 2260
1295 2012
1296 1343
1298 2505
1298 2050
1298 1441
1298 2453
1298 2108
1298 1647
1298 1313
1299 2320
1299 2108
1301 2128
1302 1666
1303 1842
1303 2476
1303 2361
1303 2508
1304 2511
1306 1758
1306 1847
1307 1541
1307 2614
1307 2012
1308 1392
1310 2551
1313 2355
1313 1658
1313 2073
1313 1441
1313 2212
1313 1913
1313 1647
1313 2551
1313 2585
1314 1502
1315 2001
1315 2453
1316 1660
1316 1754
1317 1396
1317 2488
1317 1652
1317 1871
1317 2322
1318 2363
1318 2434
1318 1995
1319 2128
1319 1799
1319 1700
1319 2374
1319 2453
1319 2337
1319 2614
1319 1891
1319 2152
1319 2551
1319 1894
1319 1939
1319 1759
1322 1680
1323 2127
1324 1547
1328 1433
1328 2021
1328 2087
1328 1558
1328 2563
1328 2510
1328 1880
1328 1653
1328 2008
1328 1468
1328 2229
1328 1788
1328 1385
1328 2606
1328 2433
1328 1521
1328 2435
1330 2337
1330 1764
1331 1348
1331 2434
1332 1463
1332 2543
1333 2417
1333 2335
1333 1601
1334 1540
1334 1362
1334 2453
1334 2337
1334 1841
1334 1500
1335 2511
1336 1813
1336 2557
1336 1430
1336 1695
1337 2128
1338 1842
1338 1982
1339 1892
1340 2545
1341 2555
1341 2337
1341 2231
1341 1982
1341 2143
1341 2282
1341 1705
1342 2033
1343 1617
1343 2040
1343 2063
1344 1547
1345 2224
1345 2128
1345 2445
1345 1739
1345 1366
1346 2404
1347 2059
1347 2128
1348 1561
1348 1467
1348 1392
1348 1848
1348 1807
1349 2337
1350 2073
1350 2607
1351 1842
1352 2337
1353 2134
1353 1956
1353 2385
1353 1845
1353 2414
1353 1698
1353 2264
1353 2019
1353 1629
1353 2073
1353 2586
1353 1478
1356 2453
1357 1596
1357 1547
1357 1842
1357 2238
1357 1869
1358 2606
1360 1366
1360 1770
1361 1791
1361 1728
1362 2131
1362 2488
1362 2365
1362 2322
1362 2460
1363 1444
1366 1466
1366 2128
1366 2503
1366 1439
1366 1634
1366 1993
1366 1622
1366 2523
1366 2520
1366 2293
1366 2445
1366 1770
1366 2089
1366 1842
1366 1557
1366 1600
1366 2506
1366 1806
1366 1662
1366 1391
1366 2302
1366 1783
1366 1382
1366 2096
1366 2009
1366 2381
1366 2148
1366 1812
1366 1418
1366 1567
1366 1890
1366 1884
1366 2329
1366 1702
1366 2153
1366 2390
1366 1831
1366 1787
1366 2539
1366 1708
1366 2005
1366 1767
1366 2057
1366 1982
1366 2451
1366 2122
1366 2630
1366 2074
1366 1408
1366 1697
1366 1639
1368 2434
1369 2254
1369 2485
1373 2128
1375 1541
1375 2614
1376 1707
1377 1488
1377 1646
1377 2182
1377 2556
1377 1528
1377 1377
1377 1378
1377 1816
1377 1971
1377 1973
1377 1389
1377 2396
1377 2236
1378 2556
1378 2615
1379 2012
1380 1505
1380 2453
1381 1490
1382 1707
1382 2337
1382 1463
1383 2434
1384 2511
1386 2216
1386 1428
1386 2123
1386 1842
1386 2260
1387 2267
1388 2614
1388 2012
1388 1480
1389 2556
1390 2082
1391 1629
1391 1458
1391 2601
1391 2414
1391 2355
1391 2511
1391 1964
1391 2045
1391 1707
1391 1698
1392 2587
1392 1906
1392 1686
1392 2364
1392 2519
1392 2086
1392 1561
1392 1652
1392 1848
1392 2453
1392 1487
1392 1547
1392 2337
1392 1967
1392 2100
1392 2226
1392 2614
1392 1842
1392 2023
1392 1978
1392 1392
1392 2631
1392 2033
1393 2012
1393 2228
1393 1852
1394 2555
1394 1482
1394 2283
1394 1728
1395 1547
1395 1652
1396 2488
1396 2322
1397 1770
1398 2607
1399 1652
1399 2328
1399 1939
1399 1547
1399 2511
1399 1415
1400 2457
1400 2242
1401 2614
1402 2614
1402 2139
1402 2288
1402 2453
1403 1663
1404 1754
1404 1982
1405 1781
1405 2435
1405 1653
1405 2160
1405 2144
1405 1668
1405 2087
1406 2511
1406 1652
1407 1964
1408 1466
1410 1922
1410 2555
1411 2374
1411 1764
1411 2453
1411 1583
1411 1505
1411 2531
1411 2551
1411 2304
1411 1975
1412 2341
1414 2556
1415 2556
1415 1652
1415 2151
1415 1931
1415 2396
1415 1708
1415 2045
1416 2337
1417 1842
1418 2069
1419 2077
1419 1537
1419 1837
1419 1770
1419 1843
1419 2564
1419 1606
1419 1652
1419 2531
1419 1547
1419 1965
1419 1572
1419 1817
1419 1893
1419 2434
1419 2511
1420 1962
1420 1842
1421 2432
1421 2453
1422 1551
1422 1533
1422 1871
1422 2631
1423 2373
1423 1651
1423 1652
1423 2556
1423 2453
1423 1707
1424 2556
1425 2424
1425 2517
1425 2442
1427 2432
1428 2490
1428 1547
1428 1842
1429 1612
1429 2023
1430 2511
1430 2188
1431 1964
1432 1501
1432 1652
1432 1547
1435 1707
1436 2337
1436 2113
1437 1556
1439 2282
1439 1982
1440 2225
1440 2453
1441 2212
1441 2585
1441 1458
1441 2073
1441 2050
1441 2355
1441 1553
1441 1647
1441 1478
1441 1517
1441 1698
1443 2271
1444 2434
1444 1689
1445 2601
1445 1676
1445 1445
1445 2134
1445 1859
1446 2059
1446 2128
1446 2341
1446 2387
1446 1545
1446 1982
1446 1950
1446 1857
1447 1657
1447 1880
1448 2128
1449 1811
1449 2012
1449 2614
1449 2453
1449 2551
1449 2312
1449 1505
1449 2337
1449 1707
1450 2556
1451 2341
1451 2387
1453 2363
1453 2434
1454 2218
1455 2139
1456 2337
1457 2614
1457 1551
1458 2355
1458 1939
1458 1707
1458 2596
1458 2212
1458 2551
1458 2453
1458 1822
1461 1710
1461 2413
1461 1982
1461 2255
1461 2453
1462 2555
1462 2337
1462 1982
1462 1842
1463 1811
1463 2337
1463 2252
1463 1672
1463 2349
1463 2351
1463 1983
1463 1659
1465 2556
1466 1790
1466 2434
1466 2528
1466 1767
1467 2569
1467 1892
1470 2090
1470 1906
1470 1652
1470 2404
1470 1612
1471 2544
1471 2556
1472 2123
1472 2337
1474 1662
1475 2337
1475 2607
1477 2437
1478 1925
1478 1845
1478 2212
1478 1698
1479 2181
1480 1842
1480 1551
1480 2012
1480 2614
1480 2631
1480 2337
1481 2508
1481 2015
1481 1481
1481 1741
1481 2417
1481 1938
1481 1932
1482 2555
1482 1728
1483 1538
1484 2003
1485 2533
1485 1533
1485 2110
1485 1842
1486 2260
1489 2345
1490 2594
1491 2182
1491 2556
1492 2631
1492 1551
1492 1841
1493 2527
1494 1616
1494 1982
1496 1650
1497 2631
1499 2337
1500 1652
1500 2265
1500 2434
1502 2481
1502 2526
1502 2132
1502 1780
1502 2248
1502 2088
1502 2486
1502 2453
1502 2337
1502 2012
1502 2614
1502 2575
1502 1750
1502 1541
1502 1861
1502 1502
1502 1900
1503 2163
1503 1547
1503 2434
1505 2374
1505 2225
1505 2596
1505 1633
1505 2453
1505 2551
1505 1705
1505 2337
1506 2335
1509 2014
1510 1652
1511 2260
1513 1652
1514 2403
1514 2128
1514 1602
1515 1842
1517 2182
1517 2186
1517 2320
1517 2108
1517 2073
1517 1656
1517 1840
1517 1517
1518 2282
1519 2434
1520 1842
1524 2434
1525 2114
1525 2267
1526 1652
1526 1547
1526 1879
1526 1906
1528 2182
1528 2556
1528 2629
1528 2236
1529 1822
1529 1565
1529 2607
1529 2049
1529 1740
1529 1707
1529 2556
1530 2267
1532 2128
1532 2341
1532 1850
1532 1652
1532 2432
1532 2453
1532 1943
1533 1551
1533 2599
1533 2216
1533 1652
1533 1931
1533 1842
1533 2434
1533 2120
1533 2511
1533 2074
1533 2631
1534 2555
1534 2368
1535 2340
1536 1778
1537 2279
1537 2511
1537 1837
1537 1547
1537 2564
1537 2045
1538 2556
1538 1786
1539 1871
1541 2012
1541 2614
1541 1656
1543 1560
1543 2556
1544 2216
1544 1842
1547 2328
1547 1837
1547 2487
1547 1696
1547 1783
1547 2493
1547 1748
1547 2016
1547 2531
1547 1842
1547 1708
1547 2505
1547 1868
1547 1869
1547 1792
1547 1552
1547 2522
1547 2376
1547 2377
1547 2216
1547 1572
1547 2434
1547 2056
1547 2511
1547 1573
1547 2535
1547 1893
1547 1749
1547 2077
1547 2203
1547 2402
1547 1608
1547 1767
1547 2561
1547 2564
1547 1606
1547 2092
1547 1613
1547 2262
1547 1931
1547 2022
1547 2587
1547 1643
1547 1957
1547 1843
1547 1652
1547 2142
1547 1965
1547 1550
1547 1968
1547 1813
1547 2307
1547 1817
1547 1563
1547 2627
1547 2165
1547 1830
1548 2434
1549 1975
1551 2170
1551 2209
1551 1686
1551 2082
1551 1555
1551 2255
1551 2013
1551 1943
1551 2012
1551 2614
1551 2337
1551 2309
1551 2546
1551 1828
1551 1900
1551 1762
1553 2182
1553 1845
1553 1652
1553 2186
1553 2320
1553 1656
1553 2337
1554 2488
1555 2403
1557 1767
1557 2523
1557 1982
1558 2631
1559 2139
1561 2321
1561 2337
1562 2607
1564 2108
1565 2108
1565 1844
1565 2122
1568 2607
1569 1967
1569 1652
1570 1963
1571 1842
1572 2128
1572 2564
1572 2453
1572 2434
1572 2511
1572 2467
1572 2607
1573 1652
1573 2434
1574 2128
1574 1696
1574 2033
1574 2607
1575 2434
1577 2434
1577 2003
1578 1982
1580 1944
1582 2302
1583 1799
1583 1734
1583 2453
1583 1656
1583 1759
1583 2012
1583 2631
1583 2108
1583 2551
1583 2312
1583 1964
1583 2541
1583 1620
1584 1707
1585 2453
1586 1705
1588 2337
1589 2453
1590 1806
1591 2337
1592 2048
1592 2049
1592 1602
1592 2570
1592 2607
1594 2592
1594 2494
1595 1652
1597 2216
1597 2634
1599 2128
1601 1699
1601 2453
1601 1871
1602 2048
1602 2453
1602 2212
1602 2108
1602 1768
1602 2570
1602 2607
1604 2012
1605 1842
1606 1652
1606 2434
1606 1899
1606 2192
1606 2023
1607 2052
1608 2434
1609 1892
1610 2555
1610 2364
1610 2267
1610 2453
1610 2268
1611 1682
1612 2025
1612 1652
1612 1637
1612 2086
1612 1749
1613 2216
1613 2045
1614 2434
1615 2322
1616 2360
1618 2337
1619 2337
1620 1759
1620 1799
1620 1734
1620 2453
1623 2128
1624 2035
1626 1842
1627 2128
1627 1790
1628 2555
1628 1705
1629 2112
1629 2491
1629 1956
1630 2434
1631 2337
1633 2046
1633 2012
1633 2565
1633 2614
1633 2453
1633 2312
1633 2560
1633 2337
1635 2631
1638 2113
1639 2009
1639 2045
1640 2556
1641 2631
1642 2527
1644 1989
1645 1950
1646 1816
1646 2556
1646 2615
1646 2396
1646 2236
1647 2355
1647 2073
1647 2212
1647 2050
1647 2421
1648 2260
1649 2417
1650 1811
1650 1650
1650 1879
1650 2568
1650 2203
1650 1679
1650 2337
1650 2159
1650 2024
1651 2239
1651 2139
1651 2614
1652 1690
1652 2493
1652 1837
1652 2404
1652 2016
1652 1842
1652 2023
1652 1708
1652 2029
1652 1967
1652 2033
1652 2365
1652 2519
1652 2525
1652 2216
1652 2330
1652 2217
1652 2531
1652 2388
1652 2535
1652 1749
1652 2231
1652 1899
1652 1756
1652 1901
1652 2074
1652 2538
1652 1908
1652 1906
1652 2084
1652 2086
1652 2537
1652 2564
1652 2187
1652 2092
1652 1869
1652 2576
1652 1934
1652 2279
1652 2434
1652 1939
1652 2587
1652 2588
1652 2287
1652 1779
1652 1802
1652 1652
1652 2418
1652 1965
1652 1813
1652 1931
1652 2319
1652 1678
1652 2164
1656 2453
1656 2033
1656 2551
1656 1658
1658 2542
1658 2364
1658 2395
1658 2453
1658 2304
1659 1707
1660 1754
1662 2533
1662 1982
1662 2143
1662 1881
1664 2453
1665 2434
1666 2488
1666 2401
1666 2260
1666 2082
1666 2137
1666 2209
1666 2046
1666 2216
1666 2309
1666 2599
1666 1746
1666 1842
1666 1858
1666 2348
1666 2479
1667 1989
1671 2086
1671 1931
1671 1842
1672 1983
1672 2337
1673 1770
1674 2128
1677 2086
1680 1723
1680 2041
1681 2320
1681 1931
1682 2058
1682 1860
1682 2556
1682 2320
1682 2108
1682 2473
1684 2225
1685 2556
1686 2012
1686 2614
1686 2453
1686 2631
1686 2057
1688 1924
1690 2587
1691 2337
1693 1982
1694 2337
1695 2475
1696 2077
1696 2128
1696 2016
1696 1707
1696 2033
1697 2337
1697 2108
1697 2173
1698 2355
1698 2491
1698 1707
1698 2076
1700 2100
1700 2049
1700 2033
1701 2618
1701 2291
1701 2554
1703 1707
1705 2555
1705 1888
1705 2566
1705 1982
1705 2000
1705 2298
1705 2453
1705 2225
1705 2149
1705 2268
1705 1975
1705 1751
1705 2470
1705 1884
1706 2332
1707 2019
1707 1993
1707 1721
1707 2212
1707 1939
1707 1731
1707 2179
1707 2215
1707 2314
1707 2128
1707 2607
1707 2234
1707 2188
1707 1921
1707 2130
1707 1964
1707 1709
1707 1987
1707 1745
1707 2264
1707 2191
1707 2577
1707 2477
1707 2111
1707 2158
1707 1712
1707 2140
1707 2545
1707 2355
1707 2436
1707 2306
1707 1822
1708 2564
1708 2434
1708 1837
1708 2045
1710 2012
1711 2216
1714 1989
1716 2337
1718 2100
1719 2453
1722 2057
1723 1969
1724 2012
1724 2595
1725 1982
1726 1950
1726 2128
1727 2381
1728 2155
1728 2555
1728 2609
1728 2346
1728 2099
1728 2283
1728 1839
1729 2434
1731 2212
1731 1822
1731 2264
1731 2355
1731 2134
1731 1845
1731 2188
1731 2607
1732 2315
1734 2452
1734 2453
1736 2556
1739 2634
1740 2108
1741 1892
1742 2337
1743 2505
1743 2050
1743 2453
1744 1749
1746 2012
1746 2123
1747 2620
1747 2128
1747 2555
1747 1982
1749 2175
1749 2332
1749 2404
1749 2434
1749 2519
1749 2023
1753 1978
1753 2453
1754 2275
1754 1982
1754 2460
1754 2322
1754 2337
1755 2337
1756 1909
1757 1957
1758 1900
1758 2453
1759 2551
1759 1775
1759 2453
1759 2033
1760 1811
1761 1989
1762 1841
1763 2337
1764 2374
1764 2453
1764 2551
1764 2125
1765 2128
1766 2511
1767 2445
1769 2260
1770 2523
1770 1869
1770 1806
1770 2511
1770 1783
1771 2403
1771 2614
1771 2453
1771 2551
1771 2237
1773 2337
1774 2424
1775 2073
1775 2453
1775 2551
1778 2488
1779 2434
1782 2434
1783 2231
1783 2122
1783 1884
1783 1842
1783 2503
1785 2453
1786 2108
1786 2556
1789 2337
1790 2626
1790 2326
1790 2384
1790 2378
1790 2556
1790 2528
1790 2511
1790 2507
1790 1939
1791 2555
1791 2609
1792 2600
1792 2181
1792 2228
1794 2037
1795 2337
1795 2159
1798 2033
1798 2073
1798 2453
1799 2033
1799 2049
1799 2551
1799 2556
1801 2128
1802 2286
1802 2340
1802 2434
1802 1914
1802 1842
1802 1931
1804 1982
1806 2503
1806 2009
1806 1842
1806 2045
1807 2453
1807 2337
1808 2164
1809 1842
1811 1879
1811 2337
1811 2398
1811 2024
1811 1983
1811 2632
1811 2159
1811 2126
1812 2503
1812 2045
1813 2434
1813 2511
1813 2246
1814 2556
1815 2337
1816 2556
1817 2477
1817 2511
1817 1837
1817 2434
1817 2045
1819 2442
1819 2322
1821 2337
1821 1892
1821 2218
1821 2269
1822 1832
1822 2212
1822 1993
1822 2073
1822 1956
1822 2607
1823 2545
1825 2434
1826 2100
1833 1842
1834 2216
1835 2337
1836 2114
1837 2434
1837 2216
1837 1965
1837 2161
1837 2564
1838 2108
1840 2108
1841 2537
1841 1849
1842 2476
1842 2487
1842 2502
1842 2183
1842 2187
1842 2493
1842 2260
1842 1842
1842 2503
1842 1869
1842 1954
1842 2046
1842 2216
1842 2002
1842 1892
1842 2540
1842 2523
1842 2081
1842 2564
1842 2092
1842 2576
1842 1931
1842 2110
1842 2431
1842 2118
1842 2434
1842 2437
1842 2287
1842 1957
1842 2137
1842 2599
1842 2608
1842 2165
1842 2631
1843 2588
1843 2434
1844 2108
1845 2073
1846 2315
1847 2585
1848 2614
1848 2012
1848 1871
1848 2321
1848 2569
1848 1955
1851 2260
1852 2634
1854 2012
1854 2216
1854 2614
1854 2335
1855 2337
1858 2555
1858 2488
1858 2322
1858 2597
1860 2556
1860 1973
1861 2012
1862 2337
1864 2554
1864 2291
1864 2618
1865 2337
1866 2082
1866 1867
1866 2434
1867 2407
1869 2260
1869 2434
1869 1965
1871 2364
1871 2131
1871 2082
1871 2529
1871 2309
1871 2194
1871 2117
1872 2337
1875 2345
1876 2556
1876 2434
1877 2128
1878 2337
1879 2339
1879 2343
1879 2337
1879 2159
1881 2533
1882 2119
1884 2608
1884 2555
1884 2069
1885 2128
1885 2035
1885 1982
1886 2434
1886 2226
1887 2629
1887 2556
1887 2544
1889 2556
1890 2556
1891 2128
1891 2084
1892 2285
1892 2227
1892 2488
1892 2137
1892 2255
1892 2371
1893 2434
1893 1965
1894 2374
1894 2209
1894 2453
1894 2551
1894 2631
1894 2337
1895 1982
1898 2108
1899 2175
1899 2023
1899 2504
1900 2012
1900 2453
1900 2123
1900 2337
1900 2541
1901 2434
1903 2363
1903 1982
1904 2446
1904 2434
1904 2290
1905 2128
1906 2226
1906 2404
1906 2016
1907 2315
1909 2434
1913 2050
1915 2216
1916 2128
1916 1982
1917 2608
1919 1982
1920 2128
1921 2128
1921 2577
1921 2191
1922 2099
1922 2611
1922 1996
1924 2355
1927 2216
1928 2456
1929 2267
1930 2453
1931 2012
1931 2086
1931 2045
1931 2487
1931 2216
1931 2556
1931 2511
1931 1965
1931 1935
1932 2322
1932 2460
1934 2128
1935 2216
1939 2367
1939 2374
1939 2139
1939 2188
1939 2094
1939 2424
1939 2226
1939 2016
1939 2038
1939 2434
1939 2033
1939 2514
1940 2614
1942 2453
1947 2108
1949 2012
1950 2128
1950 2143
1950 2341
1950 2387
1951 2556
1952 2012
1952 2569
1953 2045
1955 2565
1956 2264
1956 2073
1956 2019
1956 2076
1957 2260
1957 2453
1957 2511
1958 2337
1960 2556
1961 2614
1963 2100
1963 2453
1963 2337
1964 2355
1964 2226
1964 2364
1964 2150
1964 2212
1964 2453
1964 2045
1965 2177
1965 2487
1965 2564
1965 2056
1965 2434
1965 2216
1967 2364
1967 2395
1967 2631
1971 2556
1971 2607
1973 2556
1974 2337
1974 2024
1975 2225
1975 1991
1975 2071
1975 2453
1978 1978
1979 2337
1981 2156
1982 2006
1982 2194
1982 2198
1982 2499
1982 2348
1982 2512
1982 2533
1982 2213
1982 2308
1982 2059
1982 2387
1982 2067
1982 2231
1982 2421
1982 2096
1982 2590
1982 2268
1982 2282
1982 2128
1982 2292
1982 2445
1982 2603
1982 2143
1982 2620
1982 1982
1983 2337
1984 2260
1985 2556
1986 2012
1987 2458
1989 2156
1989 2145
1990 2519
1992 2556
1993 2073
1993 2050
1993 2355
1993 2500
1994 2556
1995 1995
1995 2434
1997 2337
2001 2225
2001 2453
2004 2139
2006 2128
2010 2337
2012 2450
2012 2488
2012 2337
2012 2023
2012 2352
2012 2364
2012 2046
2012 2057
2012 2614
2012 2542
2012 2547
2012 2538
2012 2565
2012 2092
2012 2526
2012 2571
2012 2423
2012 2100
2012 2575
2012 2277
2012 2453
2012 2608
2012 2631
2013 2453
2014 2315
2016 2535
2016 2216
2016 2434
2016 2367
2018 2069
2019 2385
2019 2355
2019 2212
2019 2107
2019 2511
2019 2188
2019 2607
2020 2477
2022 2337
2023 2519
2023 2374
2023 2337
2024 2556
2024 2337
2030 2337
2030 2474
2031 2139
2032 2128
2033 2100
2033 2444
2033 2588
2033 2453
2033 2305
2033 2631
2033 2551
2037 2297
2037 2408
2043 2337
2044 2337
2045 2075
2045 2503
2045 2279
2045 2511
2046 2228
2046 2260
2047 2607
2048 2049
2048 2607
2049 2142
2049 2188
2049 2570
2049 2536
2049 2266
2050 2212
2051 2051
2057 2141
2057 2614
2057 2337
2058 2320
2058 2108
2059 2128
2059 2387
2060 2087
2062 2337
2062 2453
2066 2608
2066 2260
2068 2327
2069 2337
2070 2526
2073 2452
2073 2212
2073 2134
2073 2601
2073 2107
2073 2586
2074 2081
2074 2556
2074 2434
2074 2503
2075 2434
2076 2355
2076 2607
2077 2434
2077 2511
2079 2434
2081 2337
2082 2453
2083 2337
2084 2100
2084 2424
2085 2345
2086 2404
2086 2434
2086 2535
2087 2334
2092 2614
2093 2128
2094 2305
2094 2342
2094 2337
2096 2387
2096 2128
2098 2260
2099 2555
2099 2283
2100 2351
2100 2453
2100 2336
2100 2389
2100 2391
2100 2631
2101 2556
2103 2337
2103 2565
2103 2453
2103 2325
2106 2337
2106 2563
2107 2140
2108 2186
2108 2293
2108 2395
2108 2536
2108 2551
2108 2320
2108 2583
2111 2337
2115 2556
2122 2556
2123 2423
2123 2634
2124 2453
2125 2374
2125 2453
2126 2337
2127 2424
2128 2268
2128 2484
2128 2344
2128 2354
2128 2356
2128 2518
2128 2531
2128 2222
2128 2387
2128 2243
2128 2577
2128 2578
2128 2273
2128 2128
2128 2596
2128 2461
2128 2153
2128 2620
2128 2154
2128 2251
2128 2168
2133 2309
2135 2453
2136 2225
2137 2424
2137 2488
2139 2239
2139 2171
2139 2490
2139 2614
2139 2166
2139 2237
2142 2556
2142 2511
2143 2533
2143 2620
2143 2282
2143 2268
2143 2337
2155 2394
2157 2556
2159 2203
2159 2337
2161 2337
2161 2587
2162 2348
2163 2189
2163 2541
2164 2403
2164 2337
2166 2614
2173 2337
2177 2434
2179 2212
2179 2577
2182 2556
2182 2355
2182 2188
2185 2260
2186 2556
2186 2355
2186 2320
2186 2188
2187 2453
2188 2320
2188 2266
2188 2556
2188 2453
2189 2337
2191 2577
2192 2434
2194 2453
2195 2337
2197 2337
2198 2282
2200 2453
2202 2337
2203 2337
2205 2607
2206 2434
2207 2434
2209 2337
2209 2453
2211 2453
2212 2524
2212 2604
2212 2607
2212 2395
2212 2355
2214 2607
2216 2450
2216 2599
2216 2216
2216 2493
2216 2485
2216 2462
2216 2487
2216 2621
2216 2479
2219 2228
2221 2244
2222 2341
2223 2434
2225 2337
2225 2230
2225 2453
2226 2587
2226 2584
2226 2397
2227 2232
2228 2605
2228 2301
2228 2429
2230 2337
2231 2608
2231 2533
2236 2556
2237 2614
2237 2453
2239 2614
2240 2337
2242 2463
2244 2453
2246 2557
2247 2291
2248 2322
2249 2422
2253 2395
2254 2521
2255 2413
2255 2614
2255 2453
2257 2511
2259 2556
2260 2423
2260 2326
2260 2300
2265 2434
2267 2296
2269 2488
2269 2348
2275 2417
2276 2556
2277 2434
2278 2337
2280 2440
2280 2556
2281 2337
2282 2387
2282 2512
2283 2555
2288 2453
2289 2355
2291 2540
2292 2512
2293 2556
2299 2337
2301 2335
2301 2400
2304 2453
2304 2551
2305 2453
2307 2434
2312 2337
2312 2453
2313 2622
2316 2511
2318 2337
2318 2381
2318 2410
2320 2355
2320 2556
2322 2442
2322 2488
2322 2337
2322 2348
2326 2528
2328 2556
2328 2511
2334 2435
2335 2434
2336 2337
2337 2481
2337 2486
2337 2502
2337 2488
2337 2337
2337 2464
2337 2347
2337 2432
2337 2370
2337 2525
2337 2387
2337 2398
2337 2542
2337 2535
2337 2548
2337 2410
2337 2562
2337 2632
2337 2420
2337 2541
2337 2573
2337 2438
2337 2587
2337 2588
2337 2442
2337 2342
2337 2445
2337 2453
2337 2459
2337 2374
2337 2612
2337 2631
2337 2625
2341 2387
2348 2480
2350 2404
2355 2601
2356 2607
2363 2434
2364 2453
2364 2631
2364 2430
2365 2538
2373 2466
2374 2453
2374 2614
2374 2631
2374 2551
2374 2434
2375 2467
2377 2556
2381 2434
2381 2453
2381 2530
2381 2455
2382 2453
2392 2607
2393 2556
2396 2440
2396 2556
2396 2629
2398 2562
2399 2607
2403 2495
2403 2532
2404 2453
2406 2434
2411 2556
2416 2556
2416 2607
2419 2556
2422 2622
2424 2526
2424 2621
2426 2453
2427 2614
2428 2531
2430 2453
2432 2608
2434 2624
2434 2493
2434 2501
2434 2505
2434 2531
2434 2564
2434 2434
2434 2443
2434 2605
2439 2631
2440 2556
2440 2511
2441 2556
2442 2614
2442 2465
2444 2519
2448 2595
2452 2587
2452 2614
2452 2453
2452 2551
2453 2565
2453 2505
2453 2582
2453 2531
2453 2614
2453 2485
2453 2541
2453 2542
2453 2585
2453 2553
2453 2587
2453 2602
2453 2631
2453 2551
2453 2622
2453 2572
2453 2596
2454 2569
2462 2556
2464 2574
2464 2494
2479 2488
2486 2488
2487 2599
2488 2614
2489 2614
2490 2614
2491 2601
2505 2596
2505 2551
2509 2511
2511 2521
2511 2564
2511 2511
2517 2577
2519 2546
2531 2564
2531 2551
2533 2555
2535 2588
2536 2607
2539 2585
2551 2556
2552 2596
2555 2597
2555 2608
2556 2556
2556 2615
2556 2629
2557 2607
2565 2614
2568 2614
2571 2595
2577 2607
2587 2588
2599 2614
2599 2631
2607 2607
2614 2614
2614 2617
